name	2016-05-20	2016-05-21	2016-05-22	2016-05-23	2016-05-24	2016-05-25	2016-05-26	2016-05-27	2016-05-28	2016-05-29	2016-05-30	2016-05-31	2016-06-01	2016-06-02	2016-06-03	2016-06-04	2016-06-05	2016-06-06	2016-06-07	2016-06-08	2016-06-09	2016-06-10	2016-06-11	2016-06-12	2016-06-13	2016-06-14
欢乐颂	169993	210306	175756	110650	97062	92881	90449	96999	111756	103460	71660	72478	70985	70718	75612	85989	87353	71117	69307	74114	83456	81302	80480	72357	61246	59987
那年青春我们正好	122194	138999	178222	115468	106876	115006	111893	91064	90480	87567	71366	78551	69007	36080	36506	50278	48161	34874	29423	30791	31492	27021	24133	19057	15592	14609
极限挑战第二季	94034	138201	167057	341250	126090	80025	59823	66148	96674	122452	149085	57787	53198	48408	53090	77807	106271	137848	56723	64575	69019	58939	68232	85230	162516	50379
美人鱼	82341	111594	99793	43612	41432	39642	41191	61286	107265	78627	35419	35395	41137	36695	52397	81542	74224	46644	43269	62981	97082	83119	65046	40210	33846	33301
疯狂动物城	67322	89592	102008	49218	43826	44877	38150	49542	61860	47701	24247	26747	25411	21672	27871	36920	41909	26916	24924	31525	40772	34533	28032	21438	15610	15372
最好的我们	64424	102491	91799	48820	44215	43987	44190	67652	104749	93804	47326	46560	43417	42152	60992	92285	95184	65190	59486	71648	82883	82198	95979	81297	61444	59753
美国队长3：内战	59360	84781	60887	31211	28217	26146	26313	37559	52632	35878	18842	17670	18118	16257	22652	31028	32696	26919	20359	21668	32595	25576	19206	12153	12319	12292
我的奇妙男友	53856	67405	57864	35979	32936	30219	29126	34715	40800	35514	20653	20513	25105	37495	45972	39999	34083	22613	20187	24345	26884	21255	17452	13468	10783	11001
戏子	48874	47614	33665	17378	16955	23128	25160	24304	16436	12304	7539	14352	19566	29754	20947	13975	11269	7799	12906	20119	35839	45804	34701	16017	8541	12740
小丈夫 未删减版	6395	7682	7357	7712	6951	3484	4861	4390	3269	3072	2290	2104	6068	5616	5327	5329	5739	4028	3912	4000	3803	3233	3091	2860	2383	2064
谁的青春不迷茫	43656	64590	50340	23566	25472	86356	108404	122783	145491	131970	57583	56012	50366	51931	69228	88041	86579	61447	56214	70745	80901	66194	52122	38720	32453	31646
奔跑吧兄弟第四季	42918	161977	74085	34825	25634	21660	24468	49349	172132	84289	35468	30569	29551	26445	36610	117524	70448	39574	31918	36714	46533	48583	113469	49418	33814	29006
小丈夫	41662	54498	44328	39689	38948	21998	17982	18849	16891	13319	8419	8138	7902	7543	7791	8001	7839	5951	5792	5780	5801	5622	5283	4259	3696	3382
奔跑吧兄弟第4季	41397	126222	86468	33718	23960	20068	17263	28739	124987	52496	19429	15596	13397	11306	17472	79392	41563	19113	16673	17834	22409	24353	80529	30537	18631	15087
鸭王	40783	57646	44502	25566	25164	24984	21248	25446	30884	24202	15506	15906	16096	16298	21218	26404	25139	19834	19529	23079	26607	25561	22048	18407	15642	15976
功夫熊猫3	40623	58615	44542	20874	17847	14840	15163	21103	31862	23652	10892	10993	12081	9827	13435	19973	18566	12295	11885	15152	20840	18898	15215	9920	8743	8669
周星驰	40522	53997	52296	36204	37693	38334	35640	39503	46700	45170	34016	33722	31854	33056	34962	40723	42265	35215	34364	38990	45570	43005	38532	31700	28757	29806
十五年等待候鸟	38787	56073	49455	29643	26732	27042	25929	27120	34407	29077	16699	17283	17593	17391	20874	27108	27573	20464	20032	23739	29535	28242	26058	20882	18151	17690
美国队长	38371	57176	41939	22061	19959	18945	19963	26613	36643	27219	13618	13451	13269	12641	16895	24317	23739	17784	16289	20725	23999	20064	15941	12575	10472	9702
火星情报局 2016	3232	3617	26795	1938	1710	12128	1895	3219	3373	12476	1604	2084	1957	1696	2872	3434	2825	1981	1933	11151	12269	3594	5147	2616	2061	1961
快乐大本营	33928	77817	315983	38736	22092	19013	23655	26291	60905	225522	23711	18488	27030	24405	25438	38151	73263	18076	14275	19021	20834	19333	31614	130079	22803	20282
终极游侠	30717	29537	24731	16638	14523	14174	17797	22158	23207	20829	14935	14245	14102	13897	14800	14329	12636	10363	9899	10484	10906	11086	16420	14445	11256	9677
非凡搭档	30100	43926	29889	18016	14928	14381	12983	16187	35508	14661	10387	9999	9888	9279	12995	23092	9696	9409	9060	9343	10176	14117	30533	12212	10597	8972
极限挑战	29696	41670	50538	102477	40648	27523	23488	21434	24949	30778	39058	18114	15482	15008	16043	19315	24633	34272	18080	18790	19511	17253	17362	20139	38339	16133
澳门风云3	29173	40355	31917	17864	16731	16659	16955	21798	31200	24424	13768	12517	16170	15772	20096	24331	37224	17448	13650	14808	18090	14360	10971	7886	6399	6109
小丈夫 TV版	2361	29354	3065	3105	13894	4351	2334	2376																		
妈妈是超人	28195	44019	40805	26839	19352	16626	15348	24901	25225	20635	11576	10903	10149	10777	20711	24820	20477	12041	10776	11490	12476	31199	42277	31644	22120	18833
美国队长3	27939	40949	29189	14920	13385	12852	12941	17011	24125	17141	9380	9118	8980	8171	10860	15632	14393	11651	9635	12605	16067	13438	10737	8315	7069	6198
太阳的后裔	27592	51218	65738	36566	30822	28050	25764	35927	58346	48410	22492	20859	20076	19322	25235	35220	35516	26116	22507	32894	48010	39365	30334	23182	19989	19587
画江湖之灵主	27167	20038	12897	7382	6627	6775	29842	25385	18876	12221	6967	6669	6934	28007	23012	16980	13146	8944	7501	10035	25888	17639	11693	8152	6332	5680
柠檬初上	25043	26324	29947	19149	17464	18993	20338	11336	12213	11319	8197	8801	8556	8922	10464	9964	8802	5912	6017	5186	5171	4282	3759	2850	2474	2188
火影忍者	25017	25983	23766	13104	11882	11594	18873	23366	24866	19412	11034	11026	11200	20005	24002	23507	20234	14449	14047	16984	29478	28269	19719	13751	12512	11732
睡在我上铺的兄弟	23845	32630	28420	17216	17826	18125	24806	35113	43399	39965	23318	24577	23559	28195	54136	53849	47654	33109	30775	35235	39877	37142	33177	31852	27523	26820
武神赵子龙	23649	26662	23849	13748	12529	12012	12047	15692	20851	17639	10772	10259	10663	9936	11842	15928	15241	11247	10957	12633	16270	14364	13197	10378	8745	8878
鸭王2	23579	33154	27169	15446	15270	14970	13181	14990	18103	14148	9387	9810	9933	10035	12369	15838	15200	11895	11844	13254	16324	15430	13247	11025	8914	9104
山海经之赤影传说	23552	33010	26069	15258	13552	12451	11219	12644	14883	11653	6730	6310	6589	5983	7074	8920	8503	6179	6019	7197	9244	8588	7458	5771	5131	4804
闪电侠第二季	23205	19686	14484	9176	8927	12235	12528	8525	7146	5276	3434	3141	3025	2999	4339	5626	5239	3883	3528	3429	3772	3464	3012	2572	1978	1971
成龙	22104	28526	28697	22608	22528	23463	23245	25548	30369	27577	19915	21064	20048	20723	23296	26216	29056	23347	24211	25440	28689	29172	27950	24862	22208	21960
变形金刚	21778	29712	24822	13866	12873	12303	11604	16037	23352	18518	9300	10375	10783	10473	13000	18877	18628	13104	12892	15247	20427	18742	15974	10933	10264	10367
我们相爱吧第二季	21312	37206	55245	48261	13620	13353	11543	14598	25826	42950	40419	22577	18398	15277	16907	27712	45155	44314	9419	13924	14738	12420	12816	12451	14473	10407
奇妙的时光之旅	20982	15083	13006	9675	12901	11137	17297	42654	48098	35911	24894	24380	27750	44428	28859	11149	10373	9443	8384	7915	7589	5791	5162	3769	2774	2511
韩国电影	20934	27133	24299	19055	16905	14554	14974	16200	16653	15753	12185	12783	17296	21562	21885	20721	23283	14160	21887	30009	27869	24201	21921	25554	24158	26827
绝命卦师	20363	35315	33419	23479	21288	18925	18275	17241	18161	15036	9812	8873	8606	8382	8527	10215	9946	7658	7507	8109	9663	9123	8255	7251	6118	5979
僵	19702	21159	17269	10991	10538	8772	7663	8935	10730	9692	6453	6320	5337	5465	5561	6555	7429	5183	4918	5756	6469	6232	6244	5176	3850	4236
怪物	19603	17564	15779	13314	19587	19406	10622	6265	5411	4936	4357	11031	12539	6382	5379	5089	4822	8974	13570	8323	6045	5846	5471	11843	11931	10434
林正英	18228	26450	26937	19645	18990	18810	19340	20190	25178	23139	16733	17046	16933	17537	18079	23547	25070	18247	19121	19058	23297	24250	21936	18776	16468	17361
火锅英雄	17849	23744	19795	12253	11302	10769	11501	16698	22588	19118	10745	10894	11041	10915	12453	16565	16739	12300	11678	13407	17445	16061	14455	11252	10090	9935
学校2015	17488	22875	19175	9835	10494	9810	10695	14350	19714	17805	9106	9734	9834	10579	13150	17734	17940	14327	16053	20105	23932	21008	18872	14402	12276	13057
那年青春我们正好电视剧	17423	33474	13538	8107	7253	7471	7060	5114	4992	4208	3566	3424	3223	1767	1826											
幸福在一起	17353	17728	14635	9159	8327	12639	8187	7311	7419	6361	6510	7149	6198	6677	7088	6397	5931	6179	6514	6572	6215	5510	5489	7561	5685	5716
吸血鬼侦探	17118	19972	17691	12034	10107	12320	11661	11522	11697	9972	7681	9254	6020	6049	8471	7811	7580	7553	8060	8288	8645	8238	7637	6166	4865	3535
戏子电视剧	16888	18238	13872	7687	8657	12206	11860	2830					2092	2791						6646	14941	7746	4057			
	16877	23985	20727	13164	11573	12545	13198	16671	20742	17862	11266	11907	12092	12490	14857	17912	17392	12840	12595	15473	18841	18215	16924	14851	13113	12379
父亲的身份	16742	7820	6356	5359	4360	3968	3586	3370	2946	2775	2526	2264	2187	1988	1860											
美国队长2：冬日战士	16718	25099	18887	9770	9089	8754	8877	12611	17995	13169	6364	6291	5998	5985	7797	12060	10976	8039	7775	8051	9832	9144	6386	5437	4181	4733
美人鱼2016	16690	42645	19880	10476	10419	9889	10086	14908	24332	18374	8414	8350	9747	8760	12663	19327	16660	10793	9988	11640	18484	15894	12832	10343	8828	7966
奶酪陷阱电视剧全集	16379	19948	19676	12717	14315	13683	7619	5756	5240	4843	2988	3080	2667	2910	2929	3084	3151	2980	2747	2996	3095	2788	2617	2366	1900	1943
谢文东4	16222	16904	15070	10294	9055	8819	7923	7729	8196	6564	5196	5403	5071	5452	5753	6569	6203	4999	5383	5512	6136	6078	5415	4678	4220	4173
殭	15742	15991	12255	7124	5976	4826	4089	3936	4311	3367	2201	2043	2022	1840												
火星情报局	15481	19675	12647	7015	4973	4835	3848	6837	6406	3714	2472	2866	2595	2465	4712	5558	3903	2681	2232	2452	2564	5540	6945	3920	3021	2691
北京遇上西雅图之不二情书	15223	20957	17107	9999	9523	9081	8583	8800	8250	7788	4760	4729	4492	4655	5605	6110	5322	4727	4883	5163	6740	5843	4122	3190	3514	3557
叶问3	14376	19515	16855	10849	9870	9698	9711	11469	13912	11487	7449	7773	7464	7174	7937	10074	10257	7807	7488	8318	10463	9811	8447	7410	6269	5837
西游记之孙悟空三打白骨精	14368	23729	17009	9545	8527	8910	9156	13875	21651	16454	9371	11092	11715	9966	13235	20320	18453	10406	9320	12803	18402	16953	13320	8878	7908	7631
我是杜拉拉	14054	16009	13286	8123	7253	6598	6474	8254	10648	9526	5994	6273	6131	6084	6724	8565	8560	6396	6178	6682	7975	8115	7371	6529	5313	4994
情谜睡美人	13969	13450	16338	18085	17263	17307	17510	17740	17107	16871	17683	20987	20278	28802	31084	28784	12951	8326	7134	6520	6149	5684	5796	5181	4407	4179
变形金刚4	13935	18602	15108	7956	8491	7911	7682	10704	13745	9882	5727	5460	5568	5134	6635	9914	8696	5810	5291	6866	9108	7853	6772	4899	4301	4399
欢乐颂电视剧	13824	18898	15985	9038	7616	6799	5986	3870	4048	3336	2004	2202	1878	1999				1829								
复仇者联盟	13774	20084	16573	8992	8664	8311	8008	11407	16650	13132	6633	6853	6646	6193	8229	12629	12788	9124	8848	10986	13598	11353	9070	6286	5611	5772
奶酪陷阱	13554	18519	17687	11812	13002	16991	27132	30575	35234	35228	23089	23709	21984	21896	23785	26023	26883	20801	21515	23725	26598	25199	23998	20612	17560	17194
秦时明月之君临天下	13494	16436	12538	6989	6140	5535	10310	12781	12087	8582	4881	4740	4261	6780	8540	9477	9185	6967	6183	7336	13639	13607	9725	7487	6239	5722
重生之名流巨星	13331	15956	13958	7822	7205	6991	6108	6225	7583	6350	3725	3638	3632	3338	4124	4942	4598	3565	6947	3815	3700	3043	2343			
疯狂动物城 英语版	2504	3536	4631	2834	2954	7781	1804	7063	8339	6239	3190	3574	2570	2117	2831	3533	3738	3010	3194	4041	4830	3945	3242	2700	1820	2003
大梦西游	13147	25608	17591	12784	9456	6940	5655	7553	9911	6057	4601	4889	4243	4171	4739	7882	6824	6083	4484	5904	6706	4909	3798	2326		
奥特曼	13085	24900	20922	9672	10135	9634	10522	14499	27050	22168	10524	10463	13191	11315	14677	24937	23461	13652	14053	17906	27887	26629	23242	12853	12184	12030
荒原第一季	13060	13736	12909	11628	11811	10243	6684	8332	9208	8971	8656	9410	9725	9550	8845	8484	8502	7989	9344	7748	7559	7046	6858	6700	6330	6249
僵尸	13008	26048	22760	12287	11745	11833	11793	14516	23698	20030	9921	10638	11763	11138	13785	21158	19738	12206	12629	14459	21929	21274	18624	12073	10980	10710
乡村爱情8	12548	14020	12979	10157	9948	9215	8681	8817	9101	8793	7033	7674	7848	7678	8404	8613	9367	8269	8921	8723	9115	9780	9626	9328	8204	8160
我的特工爷爷	12364	16428	14362	8538	8322	7401	7143	8417	9925	8350	4957	5036	5082	5035	5813	6636	6698	5453	5531	6016	7403	6826	5786	4699	4459	4565
全员加速中第二季	12191	34436	18773	11145	8794	7797	7534	12672	26478	13516	7453	8603	8227	6719	11803	23577	14047	11732	11081	12000	15361	17148	52061	17126	13327	10840
韩剧电视剧大全	12180	14913	12361	7722	5651	2125																				
谢文东4再战江湖	12109	13917	12142	7845	6712	6321	5866	5929	6648	5475	3803	3443	3374	3606	4138	4898	5196	4094	3914	4299	4974	4746	4614	3843	3424	3188
闪电侠	11976	11284	8926	4911	4707	6433	7110	6252	5748	4792	2701	2553	2621	2721	2998	3350	3265	2616	2303	2205	2585					
我是你的TFphone	11944	6116	6374	3185	2675	2235	1861	2900	3767	2456																
猎人	11811	18107	17646	10511	10173	10540	9422	8328	10584	9309	6622	6870	7359	6930	7857	9953	9651	7303	7689	7490	9401	8819	8249	6695	5751	5538
愤怒的小鸟	11693	20966	27947	12792	11985	15728	15258	15072	19159	16470	10130	9788	14534	12878	11840	13510	13009	10920	9240	9645	12679	12507	10083	7745	5763	5452
刘德华	11357	13363	14076	11395	12210	11864	11736	12243	12679	14337	11490	10855	9762	10340	10545	11355	12712	11180	10685	11345	10826	11674	11482	11842	12147	11321
奇幻森林	11345	15288	12139	7046	6385	6583	6511	7450	9036	7440	4617	4521	5063	4781	5642	6939	6574	4554	4638	5298	7068	6779	5836	4682	3819	3699
谢文东	11039	11986	10714	7191	6445	6684	6978	6808	8054	7244	5527	5236	4896	5142	5500	6785	6371	5364	5141	5617	6350	5979	5436	4564	3918	3935
周润发	10781	12755	12847	11319	10717	9778	10830	11076	11949	11545	9372	10266	9335	9791	10792	11609	12608	11184	10556	11123	11002	10980	10390	10488	9716	8972
韩剧	10731	14259	13906	7972	8502	14113	16631	20585	24675	23157	13385	22284	19223	19270	23036	27350	27969	20278	21416	23712	29044	28076	27014	19504	20104	21702
名侦探柯南	10603	14769	14881	8111	8658	8647	8796	10942	15786	15049	8290	8672	9058	10523	11574	14938	18467	12522	11821	12722	15800	14977	13811	10791	8917	9444
恶作剧之吻	10573	11327	8933	6227	5841	5568	5235	5765	7241	6361	3591	4163	3926	3858	4203	4606	4552	3412	3383	3536	4318	4219	4268	3453	2971	2990
笨蛋爱上两个你	10349	16160	14477	8156	7599	7864	6669	5891	7330	6112	3382	3644	3720	3591	4441	5630	5598	4142	4239	4775	5738	5468	5118	4408	3890	3632
魔女宝鉴	9847	16765	18580	11114	8345	6723	7506	11586	17851	22428	11564	9717	9063	8746	10222	17745	22531	9461	4176	2448			3247	3778	2028	8732
神盾局特工第三季	9792	8998	7162	4667	4282	4326	4482	3973	3835	3356	2530	2465	2315	2356	2401	2519	2550	2277	2217	2112						1750
新婚公寓	9505	10118	9633	6224	7329	6494	5354	5422	5620	5097	2967	3432	3364	3327	3667	3843	3935	2919	3331	3182	3519	3329	3061	2263	1877	2018
速度与激情7	9246	12840	11083	6823	6724	6705	6632	8455	11558	9479	5987	6322	5873	5926	7168	9589	9687	7814	7797	8624	11152	10409	8806	7052	6577	6486
蜘蛛侠	9142	15198	12980	6133	5692	5714	5721	8197	13089	10733	5047	4976	5537	5049	6879	10227	9875	6399	7126	8335	10830	9472	7736	5286	4584	4680
北京遇上西雅图	9106	11606	9512	4741	4209	4325	4264	5363	7412	5441	3233	3318	3199	3163	3588	4177	5243	3230	3305	3461	4122	3838	4326	3429	2356	2365
殭电视剧	9100	8178	6510	3703	2178																					
恶棍天使	9058	15777	12024	5388	5266	6968	13371	24253	34341	27982	11365	11719	11413	9726	15566	23640	19461	12362	11319	16516	23696	19721	14721	8563	7485	7319
美国队长3国语版	8992	12754	8875	4376	3649	3202	2916	3403	5246	3550		1645	1767		2189	3342	2947	2218		2276	2566					
超能太监2黄金右手	8980	14408	12659	6947	6250	5828	5968	9009	14283	11526	5836	5685	5446	5112	7135	10388	9285	5793	5518	6875	8755	7793	6705	4701	3876	3810
古惑仔	8678	11183	9206	6482	6425	6129	5915	6628	8288	8182	5465	5152	4912	5375	5867	6874	7340	5555	6429	6266	6963	7210	5675	5085	4516	4736
中国惊奇先生	8566	10405	8318	5150	6439	6745	7994	10738	12480	9386	5675	6111	6117	6655	8474	9951	8962	6173	6114	7107	9307	8118	7151	4840	4536	4281
超能太监	8524	13717	10653	5734	5389	4850	4717	6408	9492	6550	3505	3264	3301	3472	4554	6502	5817	3936	3844	4916	6425	5721	4395	3158	2745	2514
钢铁侠	8485	11706	10062	5809	5644	5201	5185	7228	10206	8169	3874	4301	4176	3690	5197	7405	7296	5232	5317	6612	7669	6168	5241	3894	3436	3421
天天向上	8483	32396	17815	9962	7536	6408	5773	7323	20925	6705	4571	4472	3585	3688	5391	15904	8789	6320	6267	5881	6313	6672	10354	4730	3942	4668
错了性别不错爱2	8400	11034	7397	3569	3213	2506	2417	3565	4791	3339	1732	1745			1955	2632	2796	2197		2159						
李连杰	8389	10305	10439	8243	8122	8808	9176	8694	10082	9630	7557	7744	7521	7543	7980	8305	8871	7916	8118	8367	8783	7855	8267	8243	7931	7868
老炮儿	8281	11955	9230	4887	4824	4878	5189	7992	11920	9234	4412	4622	4984	4919	6842	10074	11553	8130	7200	9005	12451	10374	8579	6365	5987	6383
爱情保卫战	8260	7321	7432	6434	6015	6312	7444	8457	8248	7942	5952	6584	6727	7640	8160	7655	7267	5425	6061	5881	6691	7178	6732	6281	5684	6161
玉海棠	8250	8207	10427	10526	11290	13247	16064	16906	17775	18495	19107	20030	21332	19978	9553	6920	6402	5184	4400	4016	3880	3539	3256	3074	2711	2492
好想好想爱上你	8203	6560	8439	9774	10580	11537	12108	13042	12944	9173	6876	6631	6135	9000	9795	9078	8119	6295	5812	5167	4270	3851	3853	3197	2814	2597
太子妃升职记	8111	10513	11365	6813	6280	6325	6074	10844	16600	14627	8592	8337	8808	8540	9650	11799	12973	10292	10627	11625	13435	12970	12130	9229	9038	9546
七龙珠	8059	12262	10961	6711	7323	6940	6928	9186	12103	11057	6942	6849	6932	6441	7631	10295	10939	7951	7596	8368	10898	10705	9830	7415	6679	6690
金星秀 2016	8058	7095	8053	4905	4299	4999	11234	7015	5461	4495	2868	3479	3391	7792	4510	5052	4628	3205	3478	4082	9553	6532	4810	3793	3167	3507
来吧冠军	7890	9229	17502	23850	7299	6316	6651	7092	9382	14242	17163	6064	4217	5387	5586	8608	12017	17629	5893	4750	4820	3979	5333	7494	11755	4437
鸭王1电影完整版	7639	10986	8765	5057	4910	5104	4258	5075	5769	4596	2975	3180	2953	2963	3684	4643	4415	3606	3583	4001	4999	4831	4427	3560	3158	2944
万万没想到	7597	13373	11291	5086	4890	4744	5234	6873	11143	9912	4560	5066	5476	5055	7411	16948	17854	8142	7130	8891	12180	9988	9066	4785	4360	4252
头号前妻	7511	5935	5532	4650	4256	3839	3560	3636	3365	3055	2511	2287	2193	2282	2284											
死侍	7449	11217	9134	4740	5264	5321	5385	5791	7316	6464	3402	5725	7416	6379	6327	6720	6855	5763	5201	5467	7002	5870	5221	4030	3460	3963
电影	7439	10450	7844	4216	3824	4197	5112	5910	8961	7886	3421	3905	4380	4269	5585	8077	8867	5621	5034	6338	9448	8566	7195	5266	4573	4345
功夫熊猫	7417	10285	8244	4033	4065	3161	3326	4482	6046	4713	2339	2625	2822	2511	3188	4278	4062	2991	3065	3542	4350	4431	3886	2673	2262	2555
成龙电影全部的电影	7341	9311	8869	7600	7645	7705	7973	9081	9739	9076	6688	6986	7398	7140	7572	8294	9033	7468	7741	8088	9020	9071	8942	7846	7411	7636
琅琊榜	7312	7545	7484	5622	5343	5453	5574	5318	5810	6092	5018	5514	5782	5615	5738	6019	6770	5628	6123	6048	6852	7224	8506	7790	6890	7072
奔跑吧兄弟	7298	38185	14568	6043	4262	3640	3321	5387	22688	9814	3869	2972	2606	2281	3247	13228	6842	3859	3151	3038	3743	4296	12803	5278	3481	2751
荒野猎人	7288	9679	8317	5280	4694	4593	4237	4618	5690	4584	3086	2955	2803	2708	2944	3706	4364	3442	3030	3247	4086	4113	3597	3185	2616	2708
色戒	7275	15352	11367	5942	5155	5544	5670	7282	9586	8733	6029	5677	6017	5837	5983	7708	7676	6107	5880	6691	8329	9884	9024	6439	6378	6480
明星大侦探	7240	8367	10361	21720	11512	7960	7961	11905	13847	15899	16958	6316	4981	6660	8670	10227	13852	19128	7633	6430	6392	5748	8878	10433	17672	6961
GoodbyeMrblack	7083	3954	2752																							
复仇者联盟2：奥创纪元	7046	10776	8568	4246	3978	3853	4020	5914	9000	6762	3108	3209	3325	3112	4459	6782	6957	4873	4713	5646	7692	6528	5076	3504	3074	3119
奶酪陷阱全集	6997	8366	8492	5961	6711	5097	2066																			
女汉子真爱公式	6978	24532	45273	18966	14562	13448	10761	12525	16589	16807	8164	7781	9416	7619	9933	12668	11870	8137	8734	9574	11582	10531	8835	6589	5784	5964
谁的青春不迷茫电影完整版	6928	10630	7871	3636	3737	12076	13472	15090	18308	16310	6794	7064	6136	6421	8728	11561	11129	8130	7551	9432	10947	8813	6814	5241	4284	4222
疯狂动物城国语版	6829	9933	11075	4856	4016	2747	3226	2785	3724	2822																
最好的我们电视剧	6828	10730	9676	5044	4677	4651	4683	8394	11491	10933	5192	5345	4670	4829	7327	10974	11685	8012	7377	9360	10949	11484	12490	10338	8396	7882
甄嬛传	6794	6801	6924	6214	6020	6561	6542	7090	7149	7395	6207	6722	6494	6708	6858	7214	7829	6510	6586	6668	6954	7975	7632	7145	6895	7185
非常完美	6778	10466	19481	8393	5783	4942	4422	5890	8857	13557	6519	5379	4724	4219	5075	7413	12729	6690	5328	5402	5773	5813	6569	10246	6814	5551
我的少女时代	6739	10958	8266	3877	3869	4216	4131	5435	8035	6124	2800	3000	3203	4239	5697	7381	7393	5994	5613	7163	9069	8082	6517	5164	4260	4633
四大名助	6713	3527	4135	2959	2925	2828	3166	7027							2958											
邓超	6628	10481	8362	4163	4001	4202	4713	6323	9818	8279	3992	4086	4123	4061	4787	7199	6699	4553	4560	6135	7600	7004	6162	3927	3801	3522
侠岚 第六季	6623	4866	2737					6408	5160	2842				1797	6333	4675	3144	1854		2495	3885	7436	4237	2148		
林心如	6609	7540	5943	3780	3406	2919	2798	3629	4023	3056	1906	2211	2178	2246	2604	2930	2684	1907						1926		1855
爱人	6466	8507	7891	5116	5369	5682	5159	5807	6956	5789	4346	4685	4727	4920	5290	6500	6357	4781	5153	5858	6754	6907	6043	5300	4594	4814
那年我们青春正好	6445	12493	5123	3379	2825	3212	2812	2556	2628	2525	1754	1934	1718													
西游记	6434	10171	8487	5302	4956	5292	5130	6682	9585	7938	5248	6164	6519	6215	7057	10510	9472	5879	5842	6996	9171	8966	7839	5415	4854	5127
大发	6383	5745	5348	3895	5489	8145	4478	2989			1831	4705	4969	2726	2223			3293	4767	3506	2668		3618	4305	3576	5967
信号	6380	7170	7341	5200	5044	4574	4892	4509	4285	4217	3569	3821	3589	3734	4092	8867	9730	6902	6653	6478	6211	6417	6109	5315	4272	4319
笔仙诡影	6367	7384	5227	3138	2656	2277															2845	2855		2400		
又是吴海英	6358	5638	4836	4362	8403	9513	5303	3315	3155	2533	2280	9417	12085	4690	4147	3574	3404	6642	17938	11179	8497	8580	12971	13026	14870	23873
笑傲帮	6315	10242	7415	6763	6205	5806	5442	7336	11507	10317	7235	6650	6033	5758	7207	12142	11000	7641	7035	6763	7433	8439	15898	9753	7466	6732
错了性别不错爱	6295	8427	5604	2700	2491	2634	2660	3923	5437	4244	1904	1965	1939	2009	2641	3623	4042	3162	2826	2909	3879	3755	2971	2202	1894	1915
一路向西	6283	9549	8738	7213	9833	9741	9264	10176	11305	8856	5499	5964	5575	5533	6752	8531	8828	7052	7033	7791	8636	9809	7662	6289	5818	5708
大话西游	6146	7368	6394	4224	3914	3629	3566	3754	4869	3750	2703	3118	2956	2719	3344	4408	4025	3077	2703	3254	3517	3106	2794	2066	1667	1755
分歧者3：忠诚世界	6128	8191	8818	6408	6805	9408	7269	5555	5798	5151	3065	3096	4026	3788	3602	4410	4661	3343	3236	3323	3511	3086	2990	2515	2063	1960
洪金宝	6119	6836	7386	6587	6456	6668	6729	6745	6274	5446	4221	5498	5226	5283	5757	5168	5571	5372	5723	5529	6172	6247	6104	5498	5276	5870
恐怖片	6103	9966	8486	6308	6320	6474	6421	7686	11100	9519	5999	8087	7108	6491	7582	9508	9809	5842	6678	6709	8476	8606	8172	6268	6114	6024
苹果	6081	7799	7858	4771	3904	4185	3988	5009	5447	4896	3468	3819	3721	3889	4382	5191	5726	4755	5425	18521	15669	12050	10017	9491	5752	5443
我想和你唱	6002	12511	36514	19534	13752	10005	7714	7352	14116	25910	13846	10589	8184	7029	6761	10841	18133	13755	11626	9768	12620	11774	14330	20749	15007	11723
我是歌手第四季	5994	9218	8155	4791	4667	4546	4071	4122	5170	4373	2838	2718	2769	2584	3084	3966	4135	3084	3075	3215	4081	3926	3572	3010	2535	2634
鸭王1	5982	8572	6830	3777	3694	3454	3017	3499	4044	3095	2021	2166	2182	2215	2678	3388	3239	2594	2417	2610	3253	3089	2636	2353	1801	1960
韩国电影大全	5975	9392	7581	4623	5438	6362	6164	7486	8053	7154	6478	5965	6937	5027	7965	8834	8013	5777	6828	7819	10273	10892	10033	8589	7396	8626
鬼片大全电影	5973	10630	9195	6181	7167	6716	5730	7244	12248	11079	6751	7868	8141	7784	8926	11349	10672	7257	7023	9196	12586	12159	10634	7607	6473	7604
睡在我上铺的兄弟电影	5873	8422	6956	3764	4025	4016	6061	9829	12145	10546	5421	5917	5800	7031	13748	14232	11770	8362	7207	8176	8258	7192	6467	5998	5410	5045
百鸟朝凤	5816	6624	5766	4288	3805	3009	3023	3002	3058	2764	1942	1940	1745	1813												
华丽的外出	5740	8393	7104	4079	3957	4164	3537	3955	4802	4118	2563	2706	2607	2693	3425	4495	4460	3267	3387	4663	5324	5681	4934	3995	3638	3761
盗墓笔记	5712	9934	7203	4051	3829	3496	3663	5672	8854	6949	3454	3235	3317	3733	5925	9325	8884	5806	5473	6861	10328	8602	6852	4859	4484	4555
山炮进城2	5694	8012	6840	4248	5079	5177	5479	7040	9228	7592	4777	4690	4708	4816	5782	6980	7262	5505	5564	6513	7118	7135	6326	4918	4640	4158
熊出没	5644	8279	7853	5030	4862	4870	5161	6089	8212	7832	4668	5106	5863	5386	6481	8979	9304	6050	6516	7380	11614	12105	10290	6962	6152	6298
美国队长2	5639	8141	6732	3849	3586	3002	3127	4247	5885	4531	2244	2302	2180	2328	2825	3994	3869	2923	2827	3703	3773	3246	2798	2016	1850	1745
王牌对王牌	5627	7039	6389	3257	3401	3634	3567	3845	4561	4121	2175	2581	2714	2414	2790	3237	3468	2670	3036	3105	3374	4108	4095	3074	2718	2743
甄子丹	5494	6836	6786	4656	5116	5288	5143	5835	6572	6025	4506	4453	4778	4823	5393	6127	6640	5180	5534	5424	5860	5307	5236	4832	4646	4544
奶酪陷阱韩剧	5486	6896	6299	4246	4388	2895																				
海贼王	5482	7043	9465	6066	5375	5111	4851	5958	8021	9309	5013	4457	4136	4234	5087	6498	9228	6421	5266	5989	7477	6874	6328	7358	5627	4680
夜孔雀	5448	7911	10102	6698	10284	10435	7116	5228	4512	3964	2180	2410	2220	1803	2090			1975							2036	2293
刘德华电影全集	5400	5500	5284	5088	5013	5376	4194	4785	5896	4207	3460	3998	4347	4287	4461	4933	5319	4748	4785	4693	4569	4985	4594	5086	5246	4851
吴京	5354	6225	6664	5267	5215	6091	5602	6395	6782	6086	4461	4816	4794	4946	5183	5883	6541	5878	5766	5892	6130	5639	5398	5963	5405	5417
奸臣	5341	13898	8480	4659	4155	3794	3476	4760	5988	4464	2900	3498	2994	2708	3519	4358	4724	3111	3207	3467	4449	5048	7610	5204	3922	3500
夜魔侠第一季	5299	4934	4266	2822	2309	1903																				
超人	5287	7733	7447	4318	3985	4318	4290	6074	8550	6243	3463	3532	3730	3539	4379	6300	6625	4534	5041	5395	6527	6359	5322	3647	3370	3412
我的奇妙男友电视剧	5226	7088	6138	3784	3426	3235	3070	3637	4276	3355	2018	2008	2198	3215	3188	2958	2391			2209						
澳门风云	5208	7338	5442	2875	2870	2902	2745	3706	4944	3992	2156	2185	2496	2910	4579	5754	5927	3611	3330	3933	4767	4076	3300	2431	2250	1998
欢乐喜剧人	5194	7775	6084	3633	3776	3837	3957	4169	5859	5171	3116	3259	3128	3116	3295	4502	4491	3907	3546	3591	4532	4687	4516	3493	3216	3332
灵主	5136	3675					6208	4878	3352					6126	4875	3131					5103	3129				
权利的游戏第六季	5072	4088	3789	4950	5065	3669	2920	2782		2500	2809	2694	2153	2130				2045								
蚁人	5065	7336	5874	2954	2901	2654	2817	4440	6303	4794	2386	2661	2831	2549	3296	4740	4328	3099	2914	3728	4610	4255	3291	2226	2077	1986
青春	5026	8263	6632	3487	3107	3400	3398	4994	7651	6568	3430	3098	3519	4068	53176	38502	12562	6996	6686	8150	10058	9733	7687	5341	4635	4711
约吧大明星	4994	2984						8118	5491	2913	1573	1690		2492	3509	5578	3264	1812				3016	2545			
梦想合伙人	4965	6398	5047	3047	2951	2622	2517	2900	3422	2756	1628	1568	1550	1778	1850		2454		2187	7482	7414	12028	14601	20088	14434	13590
谁是大歌神	4927	4494	5086	4122	3223	2737	2776	2893	2994	2691	2081	1794	1593	1796	1873				1968							
功夫熊猫3 英语版	4920	6527	4962	2340	2020				2910																	
上流社会	4911	6684	5066	2779	2846	2832	2718	2856	3297	3187	2006	2120	2074	2198	2321	3029	3127	2363	2194	2814	2921	3408	3168	2696	2028	1955
X战警	4902	6890	10060	8248	7484	7293	7797	10076	13204	13091	7555	8307	8130	9467	17833	28415	32347	24610	25518	26195	29811	29282	25330	21031	17043	15680
金星秀	4902	5709	4300	2444	2250	2260	4559	2417						2437							2732					
夏洛特烦恼	4819	6682	5086	2720	2642	2615	2542	3855	5471	4139	2154	2267	2292	2303	2960	4464	4287	3036	3117	3571	4746	4308	3498	2414	2311	2453
蝙蝠侠大战超人：正义黎明	4804	7396	5752	2842	2724	2564	2754	3440	4885	4042	2149	2162	2141	1956	2671	3784	3908	2732	2598	3090	3909	3489	3007	2231	2338	2582
星动亚洲第二季	4779	18075	5679	3171	2386	2028	1838	2666	7556	4452	1724															
生化危机	4769	7376	6328	3656	3599	3812	3981	5207	7431	6333	3525	3984	3954	3865	4878	6923	6353	5082	4782	5489	7282	6479	5634	4485	4063	4066
美国队长3内战	4767	6959	4958	2354	2297	1953	1924	2740	3883	2528	1576					2558										
金水桥边	4725	4473	5594	6025	6185	6335	6469	6642	6350	3520	2542	2013	1800	1699												
秦时明月	4709	6898	5136	2861	2675	2747	4028	4551	5678	4185	2304	2455	2519	3020	3719	4373	4659	3741	3352	3641	5579	5182	4472	3563	3202	3057
速度与激情	4641	6242	5386	3562	3298	3652	3610	4820	6455	5325	3747	3726	3405	3746	4520	5655	5766	4476	4779	5400	6018	5544	4949	3729	3761	3761
错了性别不错爱1	4608	5468	3680						2815																	
德云社成立20周年开幕庆典 2016	4529	5405	4475	3590	3434	3507	4578	7173	9943	8928	5870	1595	6102	6002	6949	8690	8723	7139	6923	7404	8722	8890	9117	7382	6402	6239
请回答1988	4513	5322	4970	3131	2880	3006	3049	2946	3169	2832	1843	2077	2107	2057	2501	3246	3346	2626	2823	2573	2760	2692	2476	2141		
熊出没之熊心归来	4490	8812	7889	2965	2344	2397	2501	3803	6406	5209	2456	2699	3733	2833	3702	6179	5659	3310	3186	4475	7045	6290	4814	2673	2257	1985
妈妈是超人2016	4479	10742	4795	2721	1717																		3110	2413	1838	
杨幂	4473	7181	6635	3780	4463	6565	5802	7621	11753	10551	6273	6687	6420	7178	7993	10152	9836	7363	7005	8166	9789	9426	7987	6754	5416	6287
郑恺	4469	6751	5919	3045	2953	3023	2480	2836	3266	3104	1652	1815	2046	1642	1857											
又吴海英	4433	3525	2933	2768	4315	4428	1964					3556	3512						3557	2097					2152	3585
勇者大冒险第二季	4419	3600						4583	3686	2475					4762	3576	2660			2080	2834	6433	5339	3480	2578	2194
来自星星的你	4402	5794	5847	4911	4564	4591	4752	6155	7416	6922	4178	4624	4486	4485	4980	5830	5600	4122	4311	5124	5777	5595	5028	4080	4207	4391
爱的阶梯	4395	11457	8380	5432	4660	4083	3913	3798	4417	3821	2396	2401	6359	4076	3657	3895	3270	2551	2233	2400	3037	2678				
美人	4384	7246	5809	3416	3449	3746	3767	4792	5562	5535	3325	3165	3404	3459	4012	5267	5158	3521	3862	4720	6343	6362	5268	4103	3611	3924
金瓶梅	4345	5822	5254	3625	3475	3856	3725	4821	6269	5556	3551	4450	3871	4351	4418	5493	5338	4308	4539	3489	4205	4628	4085	3383	3230	3118
最好的我们电视剧全集	4328	7153	6225	3201	2885	2647	2793	5090	7277	5838	3214	2980	2909	2837	3806	6081	6464	4379	3895	3480	4032	4345	4622	4211	2702	2621
范冰冰	4313	6143	5500	3216	2719	2814	2664	3510	4131	4257	2552	2561	2623	2611	3246	4153	4678	3633	3846	6142	7322	6510	5868	5315	4288	3593
美人鱼2016周星驰	4311	10289	5042	2413	2330	2095	2141	2978	5213	3331																
神战：权力之眼	4292	3649	3783	2246			1861								2235	2830										
吸血鬼日记	4292	4835	4383	3077	2945	2812	2880	2954	3143	3074	2062	2200	2164	2220	2509	2593	2722	2275	2155	2298	2598			2051	1870	9910
倾世皇妃	4259	4467	3679	2413	2069																					
赵丽颖	4240	7323	9061	4653	4051	4348	3645	4689	6332	6052	2899	3181	3478	3818	4853	6541	6204	5249	6743	7078	8365	8440	8216	6278	5575	5858
动画片大全	4219	6685	5951	3263	2990	2889	3443	4296	6146	5430	3028	3359	3805	2987	3774	5622	5632	3675	3432	4670	6319	7016	6260	2899	3370	3002
荒原	4213	4592	4322	3755	3578	3312	2430	3049	3144	3029	2730	3039	3003	2910	2763	2723	2891	2476	2971	2717	2654	2521	2425	2400	2265	2325
我们相爱吧	4181	6177	8215	9043	2954	2942	3251	3723	5218	8436	9806	5435	4390	3509	3686	5771	8872	10510	3831	4253	4586	4175	4193	3683	4259	3177
彭禺厶	4176	6710	5616	3233	3208	3263	3519	4414	7196	5833	3291	3496	4163	3784	4523	6660	6757	4204	4049	5305	6502	7195	5749	3674	3229	3529
花样姐姐第二季	4173	9001	22335	6956	4695	4011	2820	2917	5651	11215	3056	3036	2487	2125	2121	4469	9020	3219	2722	2298				1984		
聚会的目的	4170	5863	4881	2964	2863	3017	2595	3068	3339	3098	1915	1941	2040	2061	2397	3034	3248	2113	2151	2691	2983	3071	2577	2303	1957	2103
犬夜叉	4146	4795	5037	3304	3652	3502	3612	4532	5170	5047	3269	3584	3589	3691	4400	5275	5202	4082	4043	4517	4777	4899	4755	3922	3700	3665
愤怒的小鸟 大电影	4144	8694		3805	4553	5910	6117	6385	8038	6090	3680	4116	6378	5724	5669	6802	5740	4710	3735	5465	7357	6422	5219	3495	2589	2652
古装剧电视剧大全	4140	3585	3730	3465	2881	3313	3460	3762	4357	4043	2871	3197	3641	4051	4094	3952	4347	3666	4347	3675	4400	4786	5268	5428	4297	4420
侠岚	4130	4201	2692					4633	4065	2593				1729	4370	3602	2759	1817		2412	3410	4918	3391	1997	1705	
任达华	4104	3863	4229	4032	3554	3701	3627	3606	3640	4051	3538	3412	3368	3336	3755	3253	3401	3049	3211	3228	3603	3171	3814	3384	3248	3143
看见你的声音	4054	4668	7697	10372	3963	4134	4679	4568	6011	7847	9881	4821	4011	3621	3541	5039	7460	10528	3841	4249	3768	3467	4439	6381	8985	4708
恶作剧之吻1	4051	4146	3065	2140	1998	1892																				
快乐大本营2016	4045	10367	37425	4940	2582	2055	2680	3167	6969	23851	2782	2299	3152	3168	3348	4862	9239	2441	1997	2362	2736		4259	15082	2808	2554
龙八夷	4022	4117	4519	2617	2844	2709	2924	2952	3499	3301	2184	2214	2206	2479	2590	2854	3083	2390	2460	2781	3207	3322	3235	2903	2370	2485
应召女友	4002	5661	4225	2129	2100	1701																				
SUPER LOVERS	3992	3203	2846	1763	1962	2462	5150	3681	3151	2556	1684	1996	2619	6912	4913	3337	2850	2282	2385	3629	7363	4066	3159	2256	1902	1858
鸭王3	3975	5265	4240	2718	2832	2713	2480	2922	3383	2796	1638	1733	1650	1639	1885				1932		2657	2767	2397	2062	1760	1796
泰剧	3955	5346	5376	3564	3897	4475	6049	7321	8381	7723	4702	5881	5325	5970	8034	8939	9037	8606	14748	14577	14068	16587	13934	11801	12031	11112
Blood	3952	5507	4019	2115																						
李连杰全部电影	3950	4417	4935	4630	4123	4286	4476	4777	4703	4791	3839	3668	3595	3448	3831	4336	4393	3964	4193	4289	4231	4260	4298	4317	3960	3583
青春派	3944	4608	2937					2486	3279						2173	3268	3308	2747	3738	4051	4513	3829	3411	2350	2023	2544
周星驰电影全集	3925	5358	5377	4365	4395	4703	3998	4482	5217	4496	4012	3773	3600	3793	4096	4781	4986	3961	3834	4303	4899	4711	4241	3647	3608	3842
女总裁的贴身高手	3910	4666	6783	6113	7557	9192	11221	13503	15928	27528	29661	21941	16886	17483	19373	22565	23812	19160	21546	24000	34273	32579	27917	26878	25760	22353
无理的前进	3909	4919	3942	2094	2004	2054	1850	2174	2801	2848			1581	1630	1975	2600	2601	2068	2285	2656	2943	3232	2961	2003	1978	2223
性	3895	11307	10276	6940	6293	6672	6927	9900	15276	13573	8467	8720	8683	8997	9699	13044	13129	9669	9858	10417	12903	13853	10962	8266	7266	7137
杰森·斯坦森	3890	3752	3856	3421	3676	3627	3672	3993	4837	4305	3063	3351	3300	3202	3093	3518	3720	3232	3272	3103	3445	3342	3532	3351	2777	2972
变形金刚3	3883	6320	4730	3407	3573	3158	3622	4852	8142	6395	2808	2982	3372	2997	4255	7011	6507	4096	4223	5240	7235	6596	5248	3532	3011	2415
黄渤	3869	5300	6155	4603	4051	3881	3919	4106	5709	4358	3059	3336	2996	2992	3367	3313	4096	3789	3793	3636	3356	3717	3182	3036	2952	2991
三国演义	3867	4467	4407	3540	3432	3604	3600	4045	4339	4168	3109	3119	3111	3223	3181	3667	3676	3084	3134	3193	3666	3458	3189	2913	2730	2714
请回答1988电视剧	3829	4098	3895	2279	2428	2449	2627	2934	3265	3022	2002	2358	2285	2277	2797	3686	3928	3152	3286	3542	3795	3921	3900	3251	2619	2723
超脑48小时	3820	4568	3652	2064	1887																					
翻译官	3812	5212	5317	4658	15723	60711	48682	39422	38008	35786	35060	33298	31285	37776	37060	37235	33154	30252	29867	29235	27808	28993	29323	22074	19505	16842
我的吸血鬼男友	3809	4796	4072	3221	2765	2634	2086	2225			1674	1771		1633				1808								
泰坦尼克号	3802	5280	4397	2497	2442	2474	2438	3557	4713	3685	2098	2361	2321	2579	3195	3733	3797	3035	2747	3002	3546	3558	2861	2330	2254	2219
动漫	3783	6555	5627	2765	2422	2193	2557	3769	6785	6149	2339	2848	3211	2942	4051	5992	5628	3613	3177	3763	6274	6284	4977	2994	2329	2867
伪装者	3782	4054	4086	3045	3413	3893	3595	3304	3600	3716	3201	3585	3429	3495	3770	4409	5344	4716	4896	4632	4718	5060	5079	4525	4452	4599
欲奴	3774	36955	51130	41544	34519	52146	42146	22677	26673	24367	21992	18735	17439	18432	22056	29752	33101	28565	29034	42142	50255	51434	59440	82088	59772	50841
宫崎骏	3774	5186	4765	2757	3221	2989	3459	4779	5959	5382	2898	3315	3309	3921	4008	4945	5254	4362	4158	4603	5271	5100	4724	3614	3210	3539
钢铁侠3	3771	5577	4573	2424	2385	2143	2268	3370	4743	3578	1585	1946	1838	1639	2261	3557	3186	2187	2271	2936	3588	3105	2634			
星球大战7：原力觉醒	3767	6105	4222	2450	2304	2191	2094	3295	5276	3863	1760	1907	1998	1908	2821	4531	3908	2687	2572	3419	4971	4313	3830	2482	2246	2030
戏子韩国电视剧	3767	4401	3216																							
继承者们	3760	4601	4239	2271	1967		1888	2619	3518	2921						2369		2613	3031	3293	4275	3922	2716	2237	1858	1776
蝙蝠侠	3755	5705	5070	2654	2550	2445	2610	3606	5572	4596	2576	2786	2514	2611	3219	4356	4515	3554	3227	3720	4570	4063	3526	2954	2333	2339
越狱	3748	3451	3113	2806	2397	2083	2269						1554													
速度与激情6	3733	5224	4675	3284	3199	3239	2839	3449	4012	3685	2413	2360	2351	2484	2843	3616	3391	2669	3097	3291	3742	3386	3096	2428	2146	2511
霍建华	3730	4131	3418	2125	2015	1786	2007	2344																		
超能陆战队	3717	6245	4661	2171	1927	1978	2155	3753	6365	4715	1761	2099	2360	1994	3049	5077	4425	2664	2821	3662	5446	4754	3742	2023	1767	1878
殭电视剧全集	3708	4014	3494	1903	2270	1930	1751																			
行尸走肉第六季	3704	5237	5010	3066	2997	2977	3115	3064	3592	3446	2501	2627	2584	2442	2779	2918	3128	2728	2901	2754	3234	3094	2947	2638	2688	2615
美景之屋	3703	5465	4690	3157	3167	3315	3308	4453	5325	4939	2055	1817	1665	1713	1830	2388			1869	2053		2590	2355	2956	2712	3035
环太平洋	3682	5898	4316	1982	2057	1879	1896	2426	4344	2993				1640	2190	3409	3020	2038	2349	2868	4083	3416	2608			
看见味道的少女	3681	4078	4469	2555	2467	2700	2700	2841	3070	3050	1908	2062	1940	2167	2621	2841	2959	2174	2342	2529	2991	2931	2631	2292	2261	2325
大话西游之月光宝盒	3653	5297	4705	2925	2698	2706	2550	2434	3213	2539	1754	2038	2000	1768	2225	3015	2858	1890		2042	2564					
孙红雷	3641	3664	4092	3550	3655	3302	3660	3700	3806	3771	4306	5457	7109	9225	8575	9006	9906	9716	9200	9004	8578	8605	8618	7934	8749	9560
行尸走肉	3635	4864	4589	3098	2903	2971	3304	3329	3994	3761	2630	2647	2679	2543	2779	3297	3236	3010	2930	2868	3411	3493	2798	2516	2798	2722
网球王子	3623	4199	4326	2831	2912	2999	3232	3783	4632	4183	2781	3335	3245	3127	3500	3903	4322	3731	3594	3626	4730	4635	4546	3801	3522	3448
伦敦陷落	3620	3933	3610	2268	2193	2263	6863	10703	9822	8128	5406	4471	4775	4561	4380	5185	5129	4072	3823	4199	4100	3706	3357	2929	2533	2305
三打白骨精	3614	5924	4029	2169	2014	1760	1836	2684	4276	3141	2074	2814	2571	2162	3130	4738	4366	2083		2530	3689	3380	2590		1715	
恐怖片免费电影大全	3606	5792	5069	3303	4180	3799	3139	4374	5814	6047	3714	4194	4099	4536	4883	5369	5623	4160	4302	4095	4937	5285	4832	4144	4707	3757
征服	3595	3272	2997	2692	2396	2983	3341	3065	2853	2831	2858	3959	4461	4485	3961	4828	4861	4764	4722	4317	4937	6042	5935	5144	4803	5634
天上的约定	3593	4333	3476	2673	2476	2311	2215	2165			1988	2073	2029	2199	2298			1955	1984							
魔宫魅影	3592	3847	3078	1847																						
还珠格格	3586	3923	3474	2538	2315	2346	2164	2410	2659		1775	1929	1909	2033	2096	2692	2689	2118	2168	2181		2575	2460	1958	1954	2124
暮光之城	3582	5062	4265	2619	2810	2829	2825	3346	4695	4126	2177	2673	2630	2953	3426	4198	4431	3420	3415	3608	3735	3660	3364	2695	2491	2778
宋仲基	3581	7410	15435	8199	6536	5852	4577	5685	10698	9174	4971	4045	3716	3478	3764	5063	5051	3343	3292	4227	4558	4397	3947	3843	3220	3296
三打白骨精2016	3557	5459	4091	2491	2245	2258	2246	3163	4712	3564	2769	3656	3257	2918	3454	5254	5179	2597	2332	2940	3908	3669	3050	2455	2113	1900
分歧者	3539	5161	5064	3116	3351	5798	4779	4932	5245	4708	2673	2904	2368	1984	2198	2763	2615	1912	1906							
权利的游戏	3528			2546	3327	2808	2151				2092	1702	1561			2651	2962	2751	2647	2690					2838	1986
胡歌	3527	4564	4880	3730	3908	3846	3567	4050	4856	4827	4524	4579	3845	4045	4258	4689	5646	4370	4432	4373	4956	4979	5574	4719	4729	4794
恶作剧之吻2	3526	3993	3492	2716	2593	2576	2356	2351	2850	2618	1707	1781	1779	1703	1871											
王宝强	3516	4405	3849	2656	2928	2792	2894	3232	4330	3396	2199	3161	3821	3568	3983	4981	5009	3962	3986	4152	4881	4719	4662	3592	3320	3849
电视剧	3504	4108	4402	3647	3326	3064	4046	3466	4065	3796	2315	3208	2701	2985	3743	3159	3749	3220	2698	2893	3848	3999	4026	3450	3129	2684
周润发全部电影	3492	4285	4435	3632	3711	3315	3096	3508	3789	3833	3547	2959	2405	2995	3051	3085	3621	2854	2968	3087	3072	2859	2977	2806	2124	2812
怦然心动	3452	6187	5856	2938	2541	2469	2360	3551	4844	13841	3880	2918	3149	3626	3775	5632	5663	3926	3370	4615	4848	5046	4487	4213	3398	4306
小丈夫TV版	3428	6947	2659	6137	8390	3402	1994																			
狱中花	3425	4357	4195	3732	3157	3061	3284	2606		2972	2995	2291	2004	1811			2591	2610	3453	3300	2594	2497	2601	2497		
喜剧电影	3424	4357	4002	2529	2230	2350	2648	3575	4724	3683	2397	2345	2488	2780	2629	3453	3697	3416	3250	3608	4230	3581	3795	3152	3058	2506
粤语	3416	4248	3441	2813	2263	2322	2072	2358		3131	1986	2432	2642	2062	2154	2354	2867	2363	2619	2632		2471	2434	2779	2037	2253
道士出山3外星古墓	3415	6735	5395	2277	2198	2132	2330	3637	7277	5667	2253	2266	2568	2513	3605	6380	5490	3126	2881	3915	6512	5778	4355	2294	2175	1972
速度与激情7 国语	3409	4647	3887	2580	2452	2253	2293	2828	3785	2908	2059	2072	2000	2128	2490	3258	3133	2456	2487	2883	3529	3429	2904	2318	2202	2310
怦然星动	3404	5299	3756					2838	4825	4260	1567		1614	1672	2497	3909	3769	2610	2628	3370	4643	4098	3408	2485	2030	2117
寻龙诀	3371	5014	3859	2115	2014	1905	2359	3342	4578	3307	1485				1900	2956	3056	1938	1894	2587	3551	2940				
越狱第1季	3368	3055	2847	2470	2189	2127	2060	2308			1490	1594														
刘涛	3366	4278	4427	2521	2458	2491	2350	2234		2421	1630	1851	1822	1758			2475									
猫脸老太太	3352	4937	3692	2122	1858				2725																	
半熟少女	3347	4917	3578							2850																
鬼片大全恐怖片	3337	5357	5259	3968	3713	3430	3309	3595	6018	5459	3850	3395	3817	4721	4624	6079	6615	3946	3882	3982	6364	7026	6105	4172	4090	4166
一起来看流星雨	3332	3889	3929	2253	2247	2294	2137	2484	3448	3224	1714	1707	1798		2066	2948	2853	1961	2237	2430	3335	3092	2816			
愤怒的小鸟 第三季	3294	4923	8361	3023	3622	4171	3496	3900	5557	4657	2547	2384	2409	1954	3272	3869	3854	3031	2686	2442	3505	3257	2628			
美女孔心	3286	5185	6979	6027	4066	2697	3018	2792	3101	5033	5584	3994	2364				3109	2893	2327	5226	5940	6098	6355	6217	3401	2453
郭德纲	3280	3428	3543	3340	3478	3792	3880	3372	3319	3309	2802	3221	3088	2976	2695		3019	2656	2651	3001	2839	2969	2790	2566	2377	2747
哈利波特	3277	4809	4162	2475	2627	2628	2607	3815	5051	4562	2597	3843	3728	4049	4907	6231	7508	5627	6018	7100	8677	8687	7166	5737	4945	5039
东京食尸鬼	3264	6243	4572	2110	2058	2083	2252	3767	6333	4616	1660	1831	2257	2326	3272	5450	4634	3667	3046	4115	3382	5377	2270	2853	1984	2218
动画片电影大全	3258	5565	4316	2124	2570	2518	2772	3256	6178	5171	2346	2295	2705	2124	3225	5046	4760	3027	3143	4035	5410	5984	5004	2842	2394	2243
拜托了冰箱 中国版 第2季	3238	3137		2114	1768	2340	4470	2405	2903	2427	2004	2293	3504	7662	5541	4815	4056	3159	3127	5630	8748	5531	5227	3287	2935	2855
欢乐喜剧人 第二季	3235	3796	5126	3099	3229	3386	3193	3670	4889	4160	2268	2392	2423	2337	2600	3551	3526	2519	2796	2721	3569	3601	3461	2402	2267	2191
金星脱口秀	3233	4050					2065																			
一念向北	3232	3630	4107	3356	3239	3073	2851	3296	2932	2538			2003	2140	2138	2388		2148	5682	7671	8385	7019	4217	2169		
欲奴第一季	3224	39246	56731	15079	6866	5020	3844		2725					1667	2892	4545	5171	4544	4808	2254			2621	2811	2099	9045
X战警：天启	3198	4118	12813	11486	10524	10485	9023	9967	11782	11264	7373	7633	7866	9215	24051	35956	37098	25418	27455	28852	36800	35582	32277	27459	23808	22050
龙珠	3198	4775	4643	3017	2781	2878	2932	3494	4793	4557	2809	3185	3264	3317	3676	4373	4442	3813	3250	3803	4591	4136	4095	3279	2859	3413
年轻的母亲	3197	4450	3613	2291	2147	1757	1990	2720	2781	3402	2251	2347	2016	2689	2343	2687	2862	1931	2464	3058	3552	3214	2639	2635	2056	2826
吸血鬼日记 第一季	3188	3087	2991	2226	2403	2273	2279	2373	2774	2479	1645	1910	1761	1710	1936		2588	2164	2007	2196				2055	2042	2539
柠檬初上 未删减版	3167																									
极限挑战之皇家宝藏	3159	5006	5564	3700	2433	2169	2060	2809	4155	4039	2216	1900	2025	1977	2486	3411	3586	2268	2368	3118	3898	3579	3031	2254	2161	2082
搞笑电影大全	3154	5264	3717	2176	2145	2062	2330	2734	4531	3655	2208	1962	2408	2205	2732	4153	4298	2761	2874	3432	4313	4791	3921	2564	2692	2512
科幻电影大全	3151	4576	3948	2189	2414	2669	2396	3118	4331	3982	2460	2279	2684	2359	3673	4979	4294	2686	3369	3970	4514	5251	4408	3768	2458	3112
僵尸英雄之魔王与公主	3144	6489	5586	4399	3058	2638	2301	2815	4345	3218	1687	1661	1645	1748	1982	3007	2861									
校花的贴身高手	3140	5436	4035	2808	2725	2677	2549	3320	4402	3440	2011	1809	1677	1996	2501	3616	3354	2487	2676	3406	4044	3831	3297	2560	2077	2138
冰雪奇缘	3138	5090	4007	1949	1781	1865	2074	3089	5229	4415	1894	2056	2758	2357	3252	5126	7999	4488	4009	4849	7661	6292	4883	2837	2613	2726
韩剧电视剧大全最新	3130	3072	2767																							
柠檬初上电视剧全集	3127	6468		1946		1829																				
镇魂街	3115		2819	1935	1909	2672	4355	4197	4484	4115	2730	2848	2811	6871	5720	5129	4744	3769	3578	5410	11262	6932	5609	4833	4310	4102
色戒电影完整版	3107	5520	4441	2602	2359	2224	2490	3088	3848	3800	2703	2531	2557	2558	2582	3253	3118	2605	2488	2664	3280	3742	3695	2822	2850	2620
班淑传奇	3088	4162	3851	2242	1937	2406	2089		2947	2755	1593	1778	1896	1897	2407	3055	2933	2183	2396	2576	3464	3304	2925	2441	2257	2330
星球大战	3068	4697	3662	1983	1813	1816	1831	2639	4524	3194	1520	1953	2590	2409	3451	5226	5047	3414	3383	4052	5936	5648	4792	3348	2644	2458
花样男子	3066	3253	3040	2266	2029	1867	2041	2121																		
吸血鬼	3058	3766	3374	1969	2154	2147	2138		2985	2358	1520	1614		2008	1977	2391						2612				2396
妈妈的朋友	3018	3930	3227	2694	2193	2266	2531	3173	3864	3260	2189	2545	2267	2634	3059	3640	3735	3003	3435	4093	4716	5189	4101	3377	3129	4973
夜魔侠	3014	3014	2652	1824																						
刀剑神域	3007	4748	4522	2502	2605	2630	2591	3294	5207	5343	2885	3041	2823	2668	2947	4164	4514	3215	3119	3589	4376	4357	4003	2863	2813	2751
火线下的江湖大佬	2999	3028	3054	2252	2474	2673	2467	2373																		
极限挑战2016	2988	5292	6015	12905	5344	3422	2566				1762															
死神	2982	3823	3755	2579	2595	2650	2724	2968	4048	3851	2434	2746	2684	2790	2880	3762	3757	3015	2927	3330	3906	4015	3551	2872	2676	2915
我的校花妹妹3	2957	4284	3851	1938	1846			2484	3394	2751	1526					2478										
火影忍者剧场版：博人传	2933	4803	3428	1999	1695	1768	1878	2754	3750	3050	1627	1602	1771	1903	2271	3346	3331	2316	2239	2554	3538	2710				
善良的小姨子	2930	4815	4064	2784	2382	2556	2189	2500	3093	2712	1755	1771	1640	1951	2066	3061	3355	2595	2459	4754	5129	4417	4565	2952	2718	2584
回来吧大叔	2926	5241	4708	3175	2502	2349	2030																			
信号 Signal	2919	3205	3277	2102	2148	2003	1929									3506	4149	2938	2722	2702	2877	2926	2742	2294	1832	
年轻的小姨子	2892	3436		2574	2221																					
奶酪陷井	2887	3444	3348	2239	2412																					
2012	2866																									
爱的追踪	2861		3359	3768	4110	4936	5305	5716	7087	5974	5882	3923	2906	2423	1872											
花千骨	2855	3912	4123	2306	2172	2510	2234	2314	3409	2908	1626		1768	1964	2386	3426	3468	2587	2440	2758	4246	4443	4428	3260	2778	4085
刘诗诗	2853	3490	3181	1862	1720	1785																				
小丈夫未删减版	2852	8531	4083	3107	2899	1768																				
假面骑士	2842	4988	4286	2204	2035	2150	2346	3208	5280	4256	2003	2284	2356	2455	3020	4810	4520	3091	2652	3749	5548	4970	4040	2570	2326	2204
霜花店	2841	5034	3537	2138	1907	2093	2247	2709	3499	3189	2670	4511	3561	2467	2577	3014	3706	2405	2535	2525	3274	3318	3333	2361	1937	1947
死神来了	2840	3553	3055	2167	2020	2148	2325	2686	3120	2809	1840	2090	2218	2163	2463	2665	2736	2245	2258	2237	2600	2521	2389	2096	1839	3826
唐人街探案	2829	4273	3085	1859	1769			2535	3703	2719					2050	2784	2793	2072	1926	2259	3271	2920				
张国荣	2826	3775	3506	2143	2435	2345	2309	2734	2938	3016	1928	1910	1943	2098	2326	2434	2907	1959	2465	2344	3164	2952	2365		1706	1795
大发韩剧	2821	2968		1980																						2129
色情片	2817	4394	3615	2054	2122	1994	2131	2992	4419	3972	1713	1792	1910	1780	2271	3499	3355	2449	2441	3141	3819	4215	3210	2103		1861
旋风十一人	2806	4073	3007																							
芈月传	2784		2822	2291	2109	2218	2516	2848	3006	2794	2181	2141	2106	2326	2607	3051	3140	2936	2719	2885	3653	3752	4192	3787	3422	3578
一路上有你第2季	2782	5004	7705	3102	2777	2817	2781	2620	4070	11059	4405	3261	2659	2070			2679	1908								
杉杉来了	2781	3247	2782	2345	2427	2688	2205	2509			1674	1753	1676						1945			2588	2749	2123		1754
郑爽	2772	3396	3345	1868	2176	1919	1925	2967	3416	3747	2046	2380	2155	1961	2055	2860	3345	2426	2891	2799	3317	3383	2567	2198	1911	2245
笑傲江湖	2764	3860	3416	2522	2311	2447	2440	2639	3360	3039	2181	2184	2272	2392	2494	3302	3256	2480	2629	2552	2626	3205	3065	2566	2337	2291
小时代	2763	4970	4110	1878	2148	2223	2355	3050	4668	3904	1660	1927	1970	1912	2464	3849	3755	2870	2989	3769	4493	4440	3854	2933	2543	2923
欢乐喜剧人来疯 2016	2761	4264	3665	2312	2490	2393	2199	2483	3486	2994	1794	2007	1833	1836	1987	2824	2912	2254	2152	2120		2557	2706	1989	1734	1974
神盾局特工	2759																									
千与千寻	2733	4137	3410	1884	1827	2255	2226	3146	4399	3289	1798	1905	2182	2256	2833	3802	3474	2619	2540	2249						
我是你的TFphone全集	2726	3211																								
匆匆那年	2693	4014	3233	1781	1882	1910	2101	2631	3574	2985	1893	1916	1882	2018	2247	2884	3048	2363	2480	2980	3139	2891	2568	2125	2053	2106
蜡笔小新全集 国语版	2679	3527	3301	2214	2198	2198	2307	2485	3197	3284	1970	2190	2373	2225	2324	3017	3278	2345	2386	2405	3178	3101	2914	2222	1928	1963
雷神	2678	3907	3748	2072	2141	1991	1931	2608	3302	2760		1590			1837	2677	3124	2300	2267	2697	2659		2698		2413	2292
非诚勿扰	2673	4288	8958	4625	3396	2881	2519	2708	3570	6192	3772	2940	2441	2251	2417	3486	6854	3754	2990	2767	2680	2627	3309	5139	3004	2445
岳云鹏	2666			2085	2247	2335	2350	2568		2734	2051	2363	2043	2121	2116			4785	4400	3991	3578	3570	3272	2767	2695	2585
功夫	2660	4360	3211	1822	1869			2205	3216	2745			1670		1871	2871				2215	3092	2685	2368		1748	
鹿晗	2629	3687	2857				1891	2355	3400	2366						2374				2095	3044	2957	2452			
小丈夫电视剧24集	2629	3312		2206																						
天行九歌	2624						2523	3472	3881	3176	2180	2074	2019	4410	4893	3678	3039	2289	1948	2643	4341	4231	3649	3078	2501	2469
韩国电影好看爱情片大全	2619	3430	3248	2420	2873	2895	3336	3694	4259	3197	2514	2608	2327	2506	2737	3473	3291	2957	3011	3837	5806	6770	5363	4864	4512	4725
李易峰	2619	3920	3392			1731	2669	4593	5285	4332	1782	1745	1711	2090	2779	3860	4006	3140	3160	3871	4735	4947	3770	2819	2420	2710
杀了我治愈我	2619																									
绿巨人	2606	3505	3069	1929	1727	1875		2290	3217	2426							2431									
三国	2594	3335	3424	2698	2624	2741	2644	2781	3243	2865	2218	2206	2107	2288	2314	2946	2901	2508	2529	2603	3117	2892	2358	2168	1887	
上瘾	2566	3523	2796					2446	3130	2874	2142	1973	1710	1784	1886	2574	2871	2064	2466	3923	4590	4411	3360	2645	2256	2630
战神	2552	3256	3146	2553	2098	2363	2388	4133	3716	3470	2207	1734	1828	1728	1848											
茅山邪道养尸冢	2544																									
嘘禁止想象	2536	4007	2688			1935	1846		3050	2411						2448	2504	1878		2343	2575	2472	2277			
小黄人大眼萌	2533	4352	3327						3412	2833						2745	2519			2053	3106	2598				
小时代4：灵魂尽头	2531	4697	3556		1879	1705			3042	2659						2557	2720	1870		2475	2976	2803	2506			1756
Killmehealme	2530		2790																							
最新电影	2522																							1923		
透鲜滴星期天	2517	4474	6547	16854	8550	6213	6236	10895	11488	11832	13794	6306	4905	6871	7719	8774	10370	13458	6238	5120	4726	4326	6969	7436	16939	5472
废柴兄弟4	2510		2733	1767	2001	1996	2112	2509	3111	2410	1743	2098	1852	1998	2006	2428	2673	2297	2193	2150	2620				1849	
小丈夫电视剧	2510	3771		2340	4099	3656	2885	2839																		
美国电影大全	2509		2932	1773	1693																					
后菜鸟的灿烂时代	2498			1866	2156	1766												1836								
熊出没之夏日连连看	2494	3503	3293	2402	2683	2891	2880	3284	4516	4397	2858	3036	3208	3125	3347	4692	4827	3360	3612	4082	5859	5024	4040	2461	2260	1976
美剧	2492	4995	3500	2825	3693	3662	4431	5624	5577	5211	4375	3412	3285	4128	4288	5774	6631	5135	4794	4093	5645	5345	5827	3979	3350	3285
超神学院	2486	3991	3076		1961	1823	2134	2906	4056	3115	1920	1878	1785	1867	2477	3430	3163	2289	2352	2802	3269	3340	2917	2093	1766	2004
火线下的江湖大佬粤语版	2486			1880	2233	2324	2134	2351																		
泰剧电视剧大全	2485	3337	3248	2652																						
神盾局特工第一季	2482			1845	1845	1927	1933	2188			1598	1685	1609	1731												
谁的青春不迷茫电影	2478	3802				3600	3812	4413	5273	4483	1749	1745		1749	2214	3198	3008	2108	1961							
刘涛主演的电视剧	2476			1878																						
武林外传	2457		2803	2326	2144	2140	2437	2538	2794	2636	1986	2879	3581	3489	3816	4476	4610	3513	3734	3822	3989	4139	3834	3428	3076	3566
鸭王2电影完整国语	2456	3741	2998	1804	1739																					
一路向西完整片118分钟	2455	3446	3404	2787	3589	3599	3386	3684	4001	2765	1767	1714	1737	1790	1963	2507	2660	2161	2133							
爱	2450	4310	3553	2381	3090	2345		2111	2670		2005	1691	1763			2653	2377	1930	2308		3003	2854		2182		2136
大唐玄奘	2447	3108	2634																							
Running Man 2016	2446		3186	3372	2193	1835				2311	2475	1798	1595					2346							1845	
旋风少女	2446	4466	3623						2890	2420			1610		2125	3354	3426	2068	1975	2854	3837	4170	3649	2111	1882	1866
奔跑吧兄弟第3季	2436	33826	4498	2145					4837	2764						3068	2381	1951					3476			
进击的巨人	2427	3767	2981					2215	3091	2719			1601	1712	1988	2763	2893	2208	2190	2528	3150	2828	2344		1758	1942
吸血鬼日记第七季	2417	3084																								
动画片	2413	4440	4100	1835	2107	2192	2043	2755	4371	3489	1892	1891	2686	2256	3013	3481	4589	2097	2537	2883	4260	4759	4123	2257	1895	1822
鬼	2412	4214	4583	2143	2146	2486	2649	2876	5310	4361	3071	2707	2997	3390	3442	4540	4148	2525	2552	3112	5210	4530	4163	2970	2366	2779
明日传奇第一季	2412	3023																								
爱情公寓4	2410	3939	3458		1718			2591	4173	3553	1682	1845	2429	2217	2536	3729	3617	2358	2909	3454	5004	5089	4145	2785	2323	2467
战争片电视剧大全	2409			2101	1875	1896	1938	2139			1716	1625	1723						1884							
神话	2407	3331	2861	2098	2103	1952	2034	2653	3208	2982	1920	2029	1940	2114	2355	2992	3025	2453	2271	2537	2893	2891	3005	2421	2328	2127
whoAreYou学校2015	2397	3207	2782																							
废柴兄弟3	2394																									
欢乐颂全集	2390	3536	3028	1770																						
初代吸血鬼第三季	2389	3611	3774	2423	1736																					
双星之阴阳师	2387					2296	2399	2718	2708			1615	2804	2688	2745	2889	2628	1955	2244	4415	4676	2885	2620		1809	2018
tfphone	2385																									
洛杉矶捣蛋计划	2379																									
我亲爱的朋友们	2376	3616	3973	2768	2498	2315	2114			2536	1822	1798	1691	1654		2411	2804	1981		2489	2782	2739	2476			3079
吸血鬼日记第六季	2370																									3163
赌神	2369	3101	2976	2061	1968	1950	1921	2134	2837	2428	1848	1726	1717	1916	2513	2928	3211	2633	2819	2943	3186	2862	2781	2252	1721	1877
深情触摸	2366	3239					3401														3624			2634	2006	
钢刀	2365		2876	2262	2139	2160	1846																			
蜡笔小新	2361	3396	3485	2212	2229	2104	2249	2506	3424	3274	1983	2171	2386	2165	2378	3026	3318	2144	2190	2514	3165	3209	3079	2161	1980	1933
回来吧大叔全集	2352	4264	3775	3011	3160	3393	3027	2865	3153	2844	2040	2137	1951	2010	2181											
不二情书	2352																									
柯南	2350		3046	1835	1874	1990	2017	2331	3094	3198	1755	2154	2197	2725	2826	3215	4304	2754	2491	2757	3297	3192	2861	2443	2033	2016
龙珠超	2345	3513	4866	2526	1921	1877	1962	2589	3789	5328	2531	2220	2112	1815	2307	3312	5437	3183	2533	2813	3296	2928	2899	4281	3005	2583
刘恺威	2345													1792												
娜就这么说	2344	4061	5872	2286	1973	2291	1904	2104	3624	6761	2427	2530	1837	1793	1838	2582	4589	2667								
泰国电视剧	2333	3698	3271	2481	2330	2566	2613	3070	3848	3094	2615	3054	2610	3285	3658	4444	4610	4118	5284	5326	4751	5975	5698	4089	3912	4425
绿箭侠第四季	2325																									
爱情公寓	2323	3311	3750		1732	1825	2288	3048	4355	4312	1887	2179	2672	3281	4976	5574	5588	4643	5513	5651	7805	8042	5946	4193	3800	3904
猎神：冬日之战	2317	2967																								
刘亦菲	2315			1788	2582	2434	2147	2296	2850	2727	1534				1827			1836				2622			2474	3235
blood	2304	3568																								
泡泡糖	2302																									
一吻定情	2297	3208	3139																							
倾世皇妃电视剧	2294																									
爱丽丝梦游仙境	2291	3643	3184	2589	3460	4499	6200	14327	22457	20440	19395	20373	17708	15436	16672	17220	15295	10160	9407	10897	12943	11175	9022	7154	5468	5509
权利之眼	2290																									
蝙蝠侠大战超人	2285	3163	2847																							
混世高校	2280		5497	1848																						
超神学院之黑甲	2278	3329	2682			1690	1812	2619	3449	2724	1741	1750		1708	2370	2839	2643	1992		2355	3158	2807	2648	2057	1891	1814
小姐	2271	3580	5928	2274	2284	4168	3475	2402			1594	1583	1651	2554	2073	2357	4724	2231	3777	2917	3214	4281	2604	2071	2272	2190
灵魂摆渡	2270	3983	2894					2560	3738	2666				1644	2174	3101	3055	2112		2292	3507	3038	2529			
致我们终将到来的爱情	2269		2681																							
画江湖之不良人	2264						2238	2831	3331	2584	1604	1570	1597	2323	2452	2734	2572	1825		2624	4353	4382	3947	3208	2812	2682
喜剧电影大全	2263			1768	1768		2093	2397	2883	2336																
大话西游之大圣娶亲	2259	3483	2919	1910	2022	1867																				
类似爱情	2257	4158																								
闪电侠 第一季	2253							2611	2868	2601	1589		1632													
星动亚洲	2248	5960																								
三打白骨精电影完整版	2245	3333					1752	2563	3549	2657	2044	2738	2463	2215	2615	4146	3845	1992		2322	3141	2848	2330	1925		
成龙电影大全	2242	3322	3012	2850	2451	2428	2278	3211	3688	3195	2217	2636	2578	2272	2621	3222	3140	2174	2556	2659	3546	3163	3316	2753	2453	2466
鹿鼎记	2240		3168	2102	1924	1950	1968	2234	2743	2835	1873	2036	1986	2458	2128	2575	2630	2155	2133	2291	2555		2306	2074	2002	1926
猫和老鼠	2236	3370	3432	1834	1934	1908	1994	2513	3693	3811	2109	2120	2466	2268	2590	3297	3633	2404	2311	2314	3135	3529	3359		2017	1907
垫底辣妹	2233																		1870							
她很漂亮	2232																	2530	2805	5774	9563	11251	11953	16749	18617	14388
澳门风云2	2231	3164	2713												3522	3700	3366	2283	1996	2371	3050	2603				
金星秀2016	2229	3202																								
疯狂	2226		2836																							
青春迷城	2213																									
巴霍巴利王	2202																									
医馆笑传	2199																									
三妹	2188		3100	3155	3178	3577	3907	4943	5725	6548	7105	8325	9386	10935	10463	11520	11854	11936	14171	14498	14995	15550	15204	8366	5660	4664
父亲的身份全集	2180																									
亲爱的翻译官	2178	5202	9730	5693	18349	143050	161028	148973	165894	170374	171976	171172	169196	195982	222333	250933	236359	212481	209573	222770	225408	237103	245946	179476	151344	143263
九层妖塔	2177	3177	2881						2711	2312																
婚前试爱	2175	3328	2823													2338		1894	1926	2123						
守婚如玉	2170																									
微电影	2157	3523	2961	1825	1896	1725		2323	2931	2490		1624	1584	1898	2002	2462	2803	2035	2163	2284	2655	3110	2457	2252	2020	1863
这个杀手不太冷	2156						1769		2623	2422		1550	1715	1743	2344	2917	3049	2167	2205	2391	2530		2339			
林心如主演的电视剧	2156																									
再见布莱克先生	2153																									
流星花园	2152																									
TFBOYS	2151	3163																								
韩国电视剧大全	2151			1947	1821	2162	2114		2631	2608	2339	2564	1987	1669	2626			2058						2210	2736	1984
欲		8414	9657	6365	6915	6669	6645	6468	8112	7367	4816	4578	4959	5283	6085	8035	8455	6723	6836	6871	9827	9636	8640	8486	6980	6122
人间中毒		8364	3346																				4387	2428		
跑男		8011	4082	1815					7246	2690						3756							4348			
欲奴电影		8001	10209	2688																2931						
性奴		7668	9230	5883	6840	6575	4729	4376	5136	4501	3303	3372	3525	3559	4173	3727	4017	3246	3213	4717	6053	5707	5629	7431	5327	4620
卫子夫		7089	6267	3429	2889	2729	2679	2822	4409	4195	1805															
天天向上2016		6996																								
火星情报局2016		6778																								
美人鱼电影		6761																								
跑男第四季		6193	3011						4701	2592																
五十度灰电影		5146	4849	3363	3652	3696	4419	6137	6854	6016	3881	3868	3797	4039	4767	6536	7027	4740	4404	6295	8945	8915	6929	4391	2910	2856
蜜蜂少女队		4921	10353	2960	2015	1834			5578	16573	3957	2839	2190	1869	1882	2848	4417	2371								
欲望		4830	5238	3583	4655	3650	3140	3637	4407	4142	2847	2604	2875	2973	3606	4531	4861	3720	3620	4512	5889	6015	5163	5236	3725	3753
鬼片大全		4740	3645	2282	2472	1868		2359	3601	4095	2821	2124	2810	1795		3006	2468					2634	2329			
全员加速中		4712	2651					2153	4129	2373						2959							4995			
素媛		4278	4015																							
解忧公主		3978	5175	2968	2537	1766	2435	2174			1495															
哆啦a梦		3973	3920		1792	1881	1782	2803	4127	4339	1954	1781	2435	1780	2735	4477	4144	2188	2500	2720	3968	4341	3975	2079	1712	1838
奔跑吧！兄弟		3903																								
五十度灰		3881	3538	2491	2512	2817	3004	4169	5076	4269	2555	2495	2582	2699	3431	4706	4788	3394	3090	4054	5909	5620	4395	2744	1941	1987
奸臣韩国电影完整版		3870																								
女汉子真爱公式电影		3842	6367	2950	2513	2082	1885																			
年代秀		3813	2888						2942	2620						3235	2806						3592	3080	1698	1746
僵尸王爷		3777	3332						3213	2591						2901	2629				2927	2857	2287			
愤怒的小鸟大电影		3636																								
武神赵子龙电视剧		3623																								
搞笑电影		3574	2745						3918	2721	1567				2055	3248	3081	2151	2087	2463	3048	3556	2547			2100
美女		3517	2663						3564	2756			1566		2106	3351	3466	2133	2102	2390	3740	4297	3003	1922		
西游降魔篇		3446	2719					2234	3548	2513	1520	1681	1680		2018	3107	2861			2126	2765	2555	2309			
尸兄		3437							3241	2574						2623	2714				3007	2903	2448			
海绵宝宝		3407	3344						2791	2704			1607			2667	2517			2555	3524	3397	2836			
僵尸归来		3391	2943						2821	2385						2700	3644	2729	2833	2842	4012	3782	3559	2570	2940	2973
奔跑吧鹿店长		3380																								
火星救援		3367																					2364			
猪猪侠11 光明守卫者		3364																								
浪漫满屋		3364	2806																							
情迷睡美人		3350		2153	2064	1994	1942	2364		2301	2911	3217	2844	4465	4284	3648										
武神赵子龙未删减版		3345																								
火影忍者全集		3344																								
素媛电影		3302	3136																							
色		3238	2711				1969		3488	3116	1941	1786	1940	1960	2564	3398	3620	2522	2428	2472	3400	4104	3148	1977	2149	2886
那年青春我们正好下载全集		3234																								
美剧电视剧大全		3214	2957	2006																						
终极游侠电视剧		3202																								
周星驰电影大全		3159	3129	2115	2183	2116	1792	2135	2849	2419	1643	1874	1668	1713	2027	2601		1915	2197	2411		2714	2478	1934	1700	
美景之屋2		3095	2644			1721	1767		2681	2610														1969	1748	1990
夏有乔木 雅望天堂		3088						2246	3286							2489	2639	1994								
灰姑娘		3084						2234	4137	4047	1940	2043	1960	1980	2497	3445	3341	2376	2266	2832	3611	3126	2611	1970	1663	
动画电影		3032	2935					2096	3071	2930						2835	2909			2267	3109	3046				
郑凯		3027	2844																							
太阳的后裔电视剧		3016	3828	2208	1741			2113	3352	2745											2957					
金刚狼		2999	2672	1847	1757	1948	2418	3406	4397	4069	2560	2445	2493	2506	3500	5391	5932	4718	4660	4900	5216	4512	4020	3241	3111	3084
小黄人		2997																								
画皮		2989	3024																							
性爱之后		2989	2725	1831	1926	1976	1850	2637	3698	3326	2176	2241	2268	1882	1999	2559	2717	2099	2146	2193	2777	2880	2405	2098	1736	
另类爱情2		2975																								
我的世界		2969	2613						3352	2713			1668			3341	3130				3905	3657	3200			
致单身男女			5073	5631	5455	6073	6690	6819	6262	6334	5710	6089	6121	6393	7202	6811	4759	3666	2905	5380	5167	4826	4438	3863	3135	2803
花样姐姐			4659							2304																
一路向南			4428	2088																						
善良的男人			4346	2768	2253	2077	2163	2383	3417	3260	1825	1906	1891	2012	2618	2770	2669	1821		2199						
仙剑云之凡			3971	8631	59968	63088	45951	29723	33198	32020	25090	45495	58741	43016	40110	43451	40021	37734	69154	77516	62190	50644	45022	37845	40537	73143
x战警			3664	2980	2584	2566	2988	4092	5083	4900	3369	3302	3478	4262	8292	12866	14375	10907	11161	11661	13315	12753	11079	8934	7476	6963
成均馆绯闻			3592	1998																						
喜剧者联盟 2016			3579	3241	3241	2836				2682	1774	1579					2826	1883	2411	2194				2544	2134	
夜孔雀电影完整版			3475	2032	2813	2451																				
黑吃黑第四季			3300	3520	2579	2188	1818																			
狼少年			3277	1828					2888	2442																
魔兽			3272	2660	3516	4117	5488	6646	8938	14590	8173	8676	13187	12148	13656	17894	21104	17833	21286	48690	88857	106716	97705	103532	86017	80234
分歧者2:绝地反击			3248	2227	2104	3885	3435	3490	3794	3621	2017	2134	1616													
宋仲基主演的电视剧			3143	2140		1741																				
听见你的声音			3045	2307	1752	1957	1963	2160	2881	2749	2142	1660	1917	1687			2511	2211						1971	1927	2069
另类爱情			2976																							
非常完美2016			2967																							
黄渤电影大全			2945	2370	2231	1874	1942				1653	1714						1884	2080							
左手亲情右手爱			2843	2320	2666	2605	3554	5145	3281																	
古天乐			2727	2142	1959	2064	2079	2441		2635	2240	2139	1933	2159	2150		2646	2013	2206	2612	2617	2496	2456	2548	2148	2101
鬼片大全电影国语免费			2714	1925	2160	2099	2082	2447	3569	3186	2534	2234	2751	2222	2540	3042	2981	2419	2259	2817	3148	2762	3196	2392	2146	2412
阿凡达			2659	1794	1929	1840	1961	2845	4105	3199	1549	1937	2057	2041	2246	2881	2986	2258	2264	2782	3199	3073	2594	2232	1818	1834
欲罪			2655		2733	2232	1935						1572	1640	1950			1972	2169	2196	2844	2884	2748	4499	3763	3456
缘来幸福			2654																							
日本电影			2646		1735	2213	2693	2547	3117	2561	2186	2341	2563	2685	2418	2771	2953	2138	2260	3004	3251	3226	3014	2599	2168	2720
恐怖电影			2641			1738	1752				1873	1561	1845	2013	2424	2819	2435		2131			2966		1950		2116
宋小宝			2640	2194	2383	2088	2010										2467						2859	2398	2260	2301
洪金宝电影大全			2621	2320	1878	2291	2396	2823		2742	2579	2039	1929	1833	2119				1894	2165					1776	1995
欲奴第一季2集				10978	2363																					
欲奴弟一季				10600	2643																					
欲奴第二季				10347	4117																					
余罪				9702	32782	31793	82353	43750	32913	27942	22754	25967	29185	36118	37543	34781	36551	31745	36363	34554	33170	36936	58263	209584	124885	102349
极限挑战2				4895	1997																					
要结婚不要恋爱				4399	4436	3813	2767	3450																		
超人回来了				3326	4475	3214	2991	4723	4634	3235	2318	2548	2409	2384	2599	2685		1895	2052	2085						1843
锦绣未央				3234	2987	2107																				
彭德怀元帅				2758	3584	3264	4010	5017	5552	7316	6723	6362	6729	10151	8610	8806	10700	10186	10026	9853	11302	12363	12131	13215	12478	12107
性奴第一季				2706																	2584		2416	3609	2766	2424
动作片电影大全				2557	2239	2140	1810	2579	2758		1726	1811	1855	2232		2445	2587	2240	2155	2287	2886	2556	2290	2218	2032	2450
情事				2539	2752	2550	2469	2806			1474															
伦理片电影大全免费				2402	2187	2112	2364	2355	2882	2589	2303	2360	2358	2462	2432	2634	2920	2730	2249	2520	3063	3143	2859	2544	2349	2422
云之凡				2210	16139	10626	5709	3650	3379	3251	2590	4865	6139	3855	3220	3414	2984	3269	5995	6376	4447	3545	2789	2341	2805	5900
极限挑战第二季第二期				2140																						
黑客帝国				2100																						
情迷睡美人电视剧全集				2093	1876	1838	2044	2124			2005	2748	2568	3999	3797	3415										
仙剑奇侠传3				2053	3057	3064	2936	3247	4398	3564	2227	2443	2480	2518	2913	3464	3677	2409	2417	2986	3647	3592	3260	2698	3210	4603
热血高校				2047	2261	1825	1816	2139	2673			1591		2234	2303	2687	2769	2025	2190	2484	2605					
死亡笔记				2041		1920																				
亮剑				2033	1899	1918	1859	2242		2663	2111	2249	2215	2295	2493	2680	2673	2335	2559	2326			2297	2074	2032	2005
五十度灰电影完整版				2033	2008	2103	2431	3183	4021	3511	2312	2268	2128	2355	2782	3647	3717	2644	2428	3021	4534	4401	3471	2269		
甄子丹电影全集				2001	1788	1719	1908				1781	1789	1633	1776				2089						1930		1977
请回答1994				1979	1781	1978	2138	2121																		
三级片大全				1976	2038	1979	2065	2424	2741	2603	2216	2183	2140	2331	2388	2570	2704	2317	2289	2388	2777	2779				
绝地逃亡				1914								1898											3440			
陈小春				1895		1747	2134	2264		2348	2072	1883	1556	1678												
铁血娇娃				1880																						
X战警天启				1839											2101	2948	2872	2232	2078	2234	2987	2652	2470	2069	1777	
伏从				1833	1997	1958		3124	3569	3215	1926	2019	2095	2230	2554	3063	3283	2169	2024	3001	4344	4299	3076			
全民目击				1828																						
华胥引				1821																						
薛平贵与王宝钏				1818	2172																			2566		
战狼				1817	1720	1892	1851	2382	2685		1526				1853											
无心法师				1814	2120	2344	2426	2566	3430	3454	2061	2491	2085	2108	2548	2722	3876	2793	2574	2887	3373	3261	2514	2134	2153	2314
蜜桃成熟时				1813	2654	2613	2099	2432	3010	2330	1512	2264	2526	2509	3079	3968	3509	2238	2141							
我爱男保姆				1812		1738											2917	2173	2095							
科幻片电影大全				1810														1880			2839	2955		1999		
爱上就会死的女人奉顺				1802		2378	2858																			
最新电影大全2016免费				1783							1489	1587														
妇产科的女医生				1765			2095																			
笔仙大战贞子					8018	19791	13500	9721	13695	12008	13718	18220	14962	11969	14296	19851	15157	8925	7822	10558	16484	12433	9105	6148	4963	4645
又吴海英电视剧					4017	4214	2684					5793	5186					2162	5391							
余罪第一季					3977	2693	3195																	2153		
云之凡电视剧					2936	1911						1932	2401	1645					2631	2792						2540
奴欲					2744	2138																				
仙剑奇侠传五前传					2647	1723																				
仙剑云之凡电视剧					2315	4052	3025					2312	2878	2175	1964			1859	3555	3744	3234	2639	2270	1983	2120	3516
仙剑					2309	2019																				
翻译官电视剧					2266	5791	5480	4579	5134	4984	4732	4536	4447	5644	5499	5599	5142	4515	4527	4628	4563	4411	4522	3555	2899	2377
仙剑奇侠传					2241	2113	1751																			2070
霹雳mit					2156																					
邻家律师赵德浩					2154	1800																				
爱丽丝梦游仙境2					2076	2662	3339	12777	24497	21603	12433	12424	13400	11477	13843	14442	12502	8703	7933	9069	11208	10107	8369	7169	5100	5105
又，吴海英					2014	1901						1618	1571						1866							
独立日					1951	1749	1769															3251	2880	2153	1668	2482
分歧者:异类觉醒					1862	2814	2262	2250																		
调皮王妃					1815					2314	1482	1559	1813	1790	1997	2421	2559	2014	2136	2532	2735	2726	2696	2295	2065	2145
经典传奇					1812	1932	2005				1626	1729	1846	1836	2000			1814	1952						1852	1756
美国电影					1810		2058	2289	2637	2527		2065	1927	1935	3098	3144	2826	1953	1956	2178	2671	3002				1998
余罪电视剧					1802	2060	5972	5196	5365	4060	2794	3278	4465	5953	5966	5516	5796	4890	5711	5376	5290	5468	6168	15594	7366	5593
郑伊健					1782																					
权力的游戏					1769						1627	1556													1825	
欲望监禁					1758																					
仙剑奇侠传5					1732																					
夫妻					1730	1740	1909				2105	2903	3439	3503	2491											
舒淇					1726																					
仙剑奇侠传4					1703																					
真实魔鬼游戏					1691				3502																	
欲奴弟一季第一集						14710																				
余罪第1季						13789	44005	26279	23130	20411	16040	18731	20809	25895	26864	26361	27508	23883	26517	25859	26580	28641	34967	115973	81705	74561
欲奴第一记						13038																				
杀戮指令						3198	3810						2026													
一拳超人						2800	2345																			
笔仙大战贞子电影						2391																				
大发张根硕						2175																				
释小龙						2102	1751																			
薛之谦						2053			2669	2467	1762	2306	2264	2031	2012	2551	2544	2033	1900		2524	2576	3076	2742	1987	2408
爆笑先森						2042																				
韩国电影爱情片大全免费						1999	2128	2625				2041						1970	1885	3695	3882	4670	3434	3086	2710	2288
乾隆秘史						1890	2018	2514																		
港剧						1827					2010	2289	2048	2292	2485	2941	3011	2900	2634					1986		1741
金瓶梅电影三级片						1824																				
笔仙						1821		2484	3501	2962	1814	1926	1994		1824	2465										
水浒传						1816		2178			1770	1816	1949	1862	2214	2476	2488	2271	2403	2461				2115	1963	2207
潜伏						1808	1923				1841	1865	1792	1709												
黄轩						1736	2493	3982	4768	4986	3713	4562	3918	3916	4702	5211	4942	3959	3322	3229	3282	3387	2915	2381	2019	1972
包青天						1726					1563	1785	2082	2323	2218		2553	2138	2160	2655	2864	2657	2680	2374	2181	2495
林正英电影全集						1725	1973				1559															
情事不要结婚要恋						1698																				
青岛往事						1690	2058	2713			1699	2071	1810													
亲爱的翻译官未删减版							14555	30086	30386	35221	37356	40598	43287	56816	62062	53676	43242	37048	37558	36578	36373	35792	34141	36277	42966	42162
欲奴第一记全集							11221																			
欲奴第三集							10582	9814	7075	4051	2055	1791														
欲奴第一李							7253																			
好运罗曼史							4444	3205				3741	3792	4175	4049	2670	2407		4395	6095	12120	15319	6205	3634	3637	5312
花样女鬼							3772	15620	4205						1997											
张一山							3678						2326	2187	1868									3126	3560	3789
伏从欲奴							3422																			
宫							3173	3101	2974	3038	3340	2746	3485	3730	3401	3677	3642	2726	3399	4325	3193	3206	2986	2448	3236	2958
王牌贱谍：格林斯比							2814	4193	5290	7620	10924	10934	17937	17825	11388	8926	9615	7806	6743	4805	4438	4329	4627	4593	4108	4535
恐龙							2427	2704	4607	4209	1985	1652	1864			2586	2704				2524					
宝莱坞机器人之恋							2368																			
亲爱的翻译官电视剧全集							2268	2244			1602	1820	1715	2635	2542	2770	2543	2163	2218	2100				2181	2061	1848
色即是空							2221	2521	2622	2308	1698	2045	1880	1784	2338	2357										
余罪第二季							2206	2350			1678	1941	2403	2799	2994	2838	2997	2839	2961	3012	3249	3937	23642	153312	59545	33110
咱们结婚吧							2170																			
余震							2142																	3632	2890	2692
新白娘子传奇							2095	2726	2669	2544	1900	1942	2086	2164	2324	2425	2439	2104	2151	2205		2487	2552	2545	2013	2013
菜鸟阎王							2045																			
贞子							2021	3167	4273	3693	1976	1896	1745													
白太阳							2010																			
废柴兄弟							1998					1738		1745												
画江湖							1949							2045												
金刚狼2							1851	3029	4310	3970	2631	2864	2779	2817	3986	5790	6398	4114	4700	5165	5756	5196	4787	3457	3205	3321
玉海棠电视剧全集							1770				1797	1965	2032	1837												
吸血鬼侦探9							1770																			
活色生香							1757	2247																		
欲奴第一季全集								8274	12820	16088	13308	13565	14206	14073	14539	3901										
欲奴第一季第三集								6343	4822	3257	2320	1837	1752	1890	3266	9062					2518	2853	2736	3446	1860	
欲奴第一集								5529	3322						2026	5389										
乒乓侠								4783	4346	3767																
欲奴全集								4688	6379	5746	3163	5234	5244	5341	8310	19174	4089									
戏子第1集								3546	3527	2566		2732	4483	6131	4451	2717	2442	1900	3269	2965	3392	7873	7073	3047		
欲奴1								2854																2301	1941	1861
恶棍天使电影								2848	4028	3522					1839	2729	2390									
全员加速中2之全员大J谍								2835	3683																	
金刚								2691	3644	3078	2267	2331	2011	2430	2690	3591	3299	2496	3187	2717	3567	3408	3053	2517	2011	2105
奇妙的时光之旅电视剧								2575	2882				1654	1999												
四大名助第2季								2538																		
X战警2								2469	3223	3263	2193	2197	2366	2632	4264	7341	9031	6877	6353	6678	7715	7324	6357	5200	4515	4311
火线传奇								2381	2619																	
借脸								2322	2827	2291	1577	1847			1927											
山炮进城								2280	2972	2379	1484		1617		1928	2367	2448			2092	2554	2514				
睡在我上铺的兄弟电影完整版								2267	2891	2537	1499		1570	1765	3090	3266	2531									
死神来了1								2258			1462	1656	1673													3116
性爱狂想曲								2231	2960	2427	1639	1790	1757													
神雕侠侣								2213	2883	2602	1719	1703	1814	1817	1933	2714	2542	1956	2075	2303	2975	2747	2531		2005	
刺陵								2211																		
花样女鬼的电影								2202																		
av女优做爱								2178	2880	2664																
速度与激情1								2177	3006		1595	1618	1622		1892	2491	2408	2070	2203	2374	2588	2521			1771	
爱丽丝								2176	3711	3370	2962	3091	2839	2529	2612	2687	2453									
爱的色放								2171	2995							2336			2035			2518			1728	
性爱大师								2168	3328	2721		1647	1879	1879	2090	2991	3192	2448	2230	2276	3027	2931	2404	1930		
印度电影大全								2132				1621														
吸血鬼侦探1								2113							2189			2011								
谁的青春不热血								2109	2719	2511																
欲奴第二季全集									5226	5577	3722	5036	6227													
龙门劫案									4279	7015	4289	4146	2795	2062												
跨界歌王									3688	6870														2434		
秘密									3281							2396				2498						
鬼片									3053	2460	1467	1618	1910	1735	1854	2656	2596				3141	2822	2397			
憨豆先生									3001	2656			1557		1885	3065	2932	1819	1860	2203	3612	3968	3744	2051		
搞笑									2984	2349						2606	2554			2162	2629	2731				
全员加速中第一季									2917	2485						2562	2634					2486				
神奇宝贝									2882							2449	2402					2528				
偷窥狂魔									2853																	
爱丽丝梦游仙境2镜中奇遇记									2842																	
奥特曼大全									2821							2564					2531	2914	2281			
加勒比海盗									2734	2569	1571	1651		1655				1825								
刀剑神域Ⅱ									2702	2398																
邓超主演的电影									2693																	
铠甲勇士									2669							2621					2807	2753				
西游记之锁妖封魔塔									2660							2768	2389									
爱丽丝梦游仙境1									2618	2862	3022	4520	4076	3689	3712	3556	3150	2225	2006	2403	2874	2616				
跨界歌王 2016										6113	2718	1962				2358	6796	3137	2381				3385	8816	4419	3140
好先生										4853	3834	17028	41422	18383	24799	50143	49676	49646	61041	53477	50103	51472	69994	83102	99446	94427
背着奶奶进城										4812	3512	3337	4540	4839	5244	6085	8705	4996	4059	4007	4065	3094	2343			
三八线										3772	6394	8246	9409	12143	13964	14595	15947	15598	18857	16734	17431	18289	18963	19639	20846	20897
天使的微笑										2985	1611	1728	2455	2496	2570	2747	2395									
一路上有你										2917																
怦然心动电影										2839																
生活有点甜										2690	3196	3822	4307	5290	5486	6006	7171	7451	8161	6832	4009	3159	2888	2491	2068	1950
伦敦陷落 英语版										2624	1799															
秘密爱										2585																
再见美人鱼										2553			2725	3329	4399	5661	5416	3373	3144	3752	4298	3665	3054	2955	2080	2018
美女总裁的贴身高手										2486	2456	1772														
X战警：逆转未来										2351				1699	3025	5126	5917	4477	4408	4612	5444	5460	4519	3748	2840	2844
恐怖电影大全										2321	1697		2017	1864		2438	2579		2151				2502	2010	1760	
爱情公寓番外篇										2305					3293	3108	3017	3105	4376	3745	5261	4681	3554	2772	2123	2189
不能说的夏天											2712															
爱情来的时候											2343	2200														
王牌贱谍											2022	2130	3136	3577	2929			1828								
总裁的贴身高手											2007															
欲奴第四集											1858	3099	4506	5272												
亲情暖我心											1761	1872	2091	2675	2635	2731	2993	3095	3411							
忍者神龟2：破影而出											1718	1548	1845						2755	2528	2780	2501			1879	2130
沙漠之花											1701															
杰森斯坦森全部电影											1680															
金瓶梅电影完整版											1673	2052	1674	1970	1901		2451	2168	2151	2642	3272	3400	3175	2844	2689	2591
女总裁的贴身高手全集											1671								1859		2543			1969	1960	
张卫健											1633															
张家辉											1564															
007											1560															
冠军宝贝之无价之宝											1555															
成龙电影大全国语版											1552	1675	1639		1944				1943						1672	1818
我是特种兵											1526															
血钻											1524															
首席的夜妻											1520															
林正英僵尸电影大全											1517															
从零开始的异世界生活											1513							2057							2197	
上海滩											1492															
2016											1486															
西西里的美丽传说											1461		1608	2324	2922	2832										
周末同床											1460															
深夜书店												3763	5051	3677	3663	3742	3083									
深夜书店2												2935	4260	2978	3135	3029	2687									
好先生电视剧												2605	2728											2137	2389	2490
狼牙棒												2051	2330	8760	3130	2693	2879									
贞子大战笔仙												1920														
晚娘												1866														
霜花店电影完整版												1857														
翻译官电视剧全集												1832	1727	2394	2620	2746	2587	2260	2544	2505	2738	2502	2737	2159	1989	
幸福又见彩虹												1816	4224	3045	2488	2726	4095	2173	2640	3157	3423	4194	3980	4641	1805	
狼牙棒电视剧												1755														
冥界警局												1642														
又吴海英9												1612														
第三种爱情												1603														
咒怨												1577		1690												
权利的游戏第一季												1570		1714											1898	1782
灌篮高手												1565														
亲爱的												1554		1844	1901											
烟袋斜街10号													4687	2312	1956					3322	4794	5275	5454	5600	4206	5778
纽约纽约													3193	4480	4767	5300	4912	3140	2478	2443	2748	3062	2352			
惊天魔盗团2													2737	2320	2503	3314	2949	2899	2316	2408	3149	3767	3520	4274	3842	4307
戏子韩国													2327													
惊天魔盗团													2307	2256	2392	2838	2980	2275	1986	2252	2885	3430	2848	3294	2829	3008
爸爸的好儿子													2290													
女不强大天不容													2066	1640	2090	2497	3533	3615	3904	4200	10730	14191	8974	7086	5686	5711
冰川时代													1869	2088	2379	2488	2383	1859								
王宝强电影大全													1775	1869				2016	1891	2114					1836	
宫锁心玉													1679	1934	1938				1917	2189					1677	2332
色情片三级片性交													1675		1880	2592	2498	1923	1943							
任达华电影全集													1673													
性爱														3533	4484	5746	6071	4648	4377	5203	6794	6741	5607	4630	3918	3948
春心荡漾第一季														2709	3486	2343										
至尊无赖														2647												
欲奴第一季电视剧全集														2308												
屏息														2113	2406	2665										
超级恋人														2065												
戏子13														1994												
再见美人鱼 下）														1977	1840	3151	3271	2140	2037	2256	2730					
春心荡漾														1933	2504											
麻辣俏护士														1912	2630	3296	2862	2990	2487			4909	4658	3209	2119	1956
猛龙特囧														1838												
报告老板														1768												
三八线全集														1721	1942			2071	2344				2344	2374	2567	2532
红楼梦														1715					2040	2075				1945	1846	2126
彭德怀元帅电视剧														1660				1976	1927				2531	2665	2629	2504
三妹电视剧全集														1656					2158	2079						
拜托了冰箱														1640												
妖医														1633												
大内密探王二狗															6964	6231	9685	3183	2333	2155						
四大名助第二季															5289	2768						5663	2945	2039		
裴斗娜															4892	2806										
天启															3500	5038	5272	3802	4481	4513	5520	5368	5347	4604	4141	3893
邻居大战															3399	6058	4564	2713	2281	2120						
X战警：第一战															2876	4965	6114	4620	4307	4437	5111	4784	4143	3324	2773	2614
奇妙的时光之旅未删减版															2792			2830	2754	2748	2789					
天启x战警															2639	3607	3759	3061	3533	3755	4679	4880	4651	4332	3872	3624
X战警3：背水一战															2263	3433	4192	2988	3068	3198	3791	3497	3233	2652	2181	2043
仓鼠管家															2197											
喜爱夜蒲1															2060		2403		2007	2270	2674	2954	2364		1676	1750
勇者大冒险															1974											
宫锁沉香															1821											
挑战者联盟第二季																7275	28001	8838	5702	4419	4943	3895	6471	9574	6291	5161
普罗米修斯																2883	3852	3190	2618	3790	6136	7408	2811		1694	
黄色片																2768	2588			2580	4193	4023	3483	2081	1759	1850
外出																2598	2793		3991	11951	15399	11657	10308	11205	8045	9959
西游记之三打白骨精																2560										
激情																2449	2428				2779	3027	2344			
老九门																2407	2583		2174	2034	2593				1714	1998
唐嫣																2394				2033	2930	2814		2142	2058	1909
阴阳先生																2386										
欲奴一季																	13077	17329	17759	5696	4774	4085	5626	6430	5127	2646
欲奴第一季四																	9961	1878						2031	1763	
欲奴第一季第四集																	7783	9954	8619	2103				2876		
挑战者联盟																	6506	2521	1947				2866	3100	2123	1821
情满雪阳花																	4401	2404	5626	6778	4392	5249	6147	16160	19105	19869
澳门3																	4358									
黄宗泽																	3851	2200								
过年好																	3748									
少年派的奇幻漂流																	3054	1856								
绿灯侠																	2859									
张翰																	2818									
是！尚先生																	2699	2037	2482	11117	83798	38348	18193	17482	19368	18812
偏偏喜欢你																	2677	2274	1940	2196	2818	3236	3044	2719	2396	2469
猩球崛起																	2588	2312	1937	2581	3971	5102	7920	3031	2297	1829
背着奶奶进城电视剧40集																	2569									
史前怪兽																	2524					2514				
欲奴第四																	2490									
芭比																	2443				3299	2997	2883			
昙花梦																		8836	5299	6665	8130	5501	4362	3415	2567	2594
吉祥天宝																		8804	24499	18351	17254	15419	17256	13791	9848	8211
欲奴笫五																		4874								
透鲜的星期天																		3549								
僵尸归来3风吹头弯																		3424	7119	8357	10365	10384	10379	7775	11055	10213
我的危险妻子																		3120	3716	2602		2538	2395	1992		1768
十二王子之帅气牛仔																		2995	6584	2601				2378	2191	2346
欲奴第一季第																		2498	2020							
超新约全书																		2311								
良辰之屋2																		2193	3090	3065	3576	3390	3080	4775	4711	5256
良辰之屋																		2054	2366	2166	2576	2835	2419	5523	7680	6901
我和她的传奇情仇																		2007	4264	5921	5865	6291	8179	8509	9019	9458
港媳嫁到																		1897	4063	4106	3088	3314	3397	3683	3552	3919
德云社																		1828								
欲奴第一季第五集																			8001	14344	22243	25068	26402	37621	23807	20398
我的朋友陈白露小姐																			5002	10829	11190	8822	9506	7953	5385	6766
我的黑道妹妹																			4706	8268	6050	4582	5950	4015	2744	2079
吉祥天宝电视剧																			3743	2397	2532		2632	2217		
极乐空间																			3669	3007						
大灌篮																			2788	3440						
欲奴第五集																			2529	2705	3731					
择天记																			2480	2593						
push																			2455	2267					2019	1920
双子神偷																			2410							
如果爱																			2333							
有夫之妇																			2272							
十二王子																			2259							
左耳																			2252							
韩国爱情电影大全电影免费																			2002	2345	2688	2687		2171	2759	2383
龙之战																			1976							
全城高考																			1923							
匹夫英雄																			1912				2569	2964	2757	2949
泰国电视剧国语版全部																			1873					2254	2389	2054
喜剧片电影大全免费																			1865	2030						
魔兽世界																				4155	5893	6193	5275	4765	3875	3762
爱情动作片																				3891	5016	4634	3841	2550	2681	1913
十二王子之帅气牛仔3																				3670						
十二王子之牛仔																				3629	4827	3712	3212	2866		
微微一笑很倾城																				3067	3365					
爱情动作片电影																				2719	3570	3552	2641	2321	2136	
再见，老婆大人																				2457	3077	4347	5451	6430	5894	11104
我的老婆未成年2																				2438	2946	2745	2479	3095	3126	2677
魔兽战场																				2270	2684	2824	2467	2242	1885	1866
是尚先生																				2266	12050	3658				
爵迹																				2152	2699	2505	5085	5530	4153	3465
梦想合伙人电影完整版																					6874	2611				
一路向西电影完整版																					4067		3756	3221	3008	2923
尚先生																					4052					
熊出没之秋日团团转																					3828	10560	14316	9263	8905	9154
梦想合伙人电影																					3409					
东京食尸鬼第一季																					3295		2536			
黄色视频																					3206	3278				
色情片三级片																					3111	3562	2840	2124	2450	3061
是尚先生电视剧																					2977					
好运罗曼史4																					2879					
道士出山																					2731	2537				
爱情动作片电影大全																					2703	3231	2664			
极品新娘																					2684	3851	3418	2635	3051	3029
魔兽世界电影																					2646	3199	3023	2731	2104	1952
做爱的激情视频																					2614	2643				
灵魂摆渡2																					2606					
动漫大全																					2596	2628	3732			
上瘾未删减版																					2580					
喜爱夜蒲																					2556	2514			1683	
微微一笑很倾城电视剧																					2552					
盗墓笔记第2季电视剧																					2521					
戏子韩剧																						7712	5744	2264		2908
外出电影																						7054	7504	9196	6075	8682
外出韩国电影																						3969	3909	4868	2341	2753
大宅男																						3943				
放羊的星星																						3733				
十二王子之帅气牛仔第三集																						3004				
变身小姐																						2733				
黄片大全																						2577				
异形																						2575				
好运罗曼5																						2522				
丧尸																						2518				
麻雀																						2487	2469	1927		
白玉兰奖2016																							5788			
百万巨鳄																							3413			
隔壁惊魂																							3049	1974		
我们的法则																							2995	9021	4532	3517
猩球崛起：黎明之战																							2965			
好运罗曼史01																							2787		2226	
三级片电影‘黄片																							2681	2496	2191	2237
纯熟意外																							2550	2226	1949	2501
魔女宝鉴电视剧																							2517	3246	2398	2172
请回答1988全集																							2491	2112	1827	1793
加油美少女																							2426			
泰国电视剧大全																							2420			
Healer																							2356			
黄色电影大全																							2355			
猩球崛起2																							2269			
加油！美少女																								6667	2795	2480
余罪全集																								4020	2097	
深宫遗梦																								3995		
余罪第二季13集																								3919	1684	2223
余罪2																								3656		
余罪第1季全集																								3549	2244	
魔兽之副本人生																								3211	4663	3807
谋杀似水年华																								3180		
狭路																								3109	3186	3161
十二王子之帅气牛仔第四集																								3064	3595	3215
余罪第2季全集																								2606		
一路顺疯																								2598		
良辰之屋1																								2555	4115	3526
欲奴第一季第一集																								2394	2304	
空中尸变																								2292	2211	2482
顿悟之白骨美人心																								2250		
外出电影完整版																								2242	2227	3385
余罪第2季																								2215		
城市猎人																								2214	1884	1942
美国大片电影																								2055		
余罪2季																								1989		
oh我的维纳斯																									2798	5807
良辰之屋3																									2515	2397
痞子英雄之全面开战																									2512	
致青春																									2169	2104
济公传																									2126	2517
致青春2：原来你还在这里																									1909	1829
三八线电视剧全集																									1891	1804
我们的纯真年代																									1774	2034
封神传奇																									1743	
老笠																									1721	2060
我们毕业了																									1714	
她很漂亮韩剧全集																									1660	
戏子16集																										2946
好运罗曼史07																										2905
吸血鬼日记第一季																										2882
高跟鞋先生																										2825
致我们终将逝去的青春																										2793
吸血鬼日记 第五季																										2329
新桃太郎																										2249
我的维纳斯																										2231
死神来了5																										2210
炎亚纶																										2110
吸血鬼日记第二季																										2066
绿箭侠																										2029
又吴海英11																										1963
吸血鬼日记第三季																										1847
宋小宝小品集锦																										1804
招魂2																										1766
